10000, 200, 1
1, 0, 0.000000000000000
2, 4955, 0.495500000000000
3, 0, 0.000000000000000
4, 3732, 0.373200000000000
5, 0, 0.000000000000000
6, 3133, 0.313300000000000
7, 0, 0.000000000000000
8, 2721, 0.272100000000000
9, 0, 0.000000000000000
10, 2452, 0.245200000000000
11, 0, 0.000000000000000
12, 2268, 0.226800000000000
13, 0, 0.000000000000000
14, 2137, 0.213700000000000
15, 0, 0.000000000000000
16, 1999, 0.199900000000000
17, 0, 0.000000000000000
18, 1953, 0.195300000000000
19, 0, 0.000000000000000
20, 1796, 0.179600000000000
21, 0, 0.000000000000000
22, 1744, 0.174400000000000
23, 0, 0.000000000000000
24, 1686, 0.168600000000000
25, 0, 0.000000000000000
26, 1590, 0.159000000000000
27, 0, 0.000000000000000
28, 1487, 0.148700000000000
29, 0, 0.000000000000000
30, 1474, 0.147400000000000
31, 0, 0.000000000000000
32, 1420, 0.142000000000000
33, 0, 0.000000000000000
34, 1327, 0.132700000000000
35, 0, 0.000000000000000
36, 1310, 0.131000000000000
37, 0, 0.000000000000000
38, 1282, 0.128200000000000
39, 0, 0.000000000000000
40, 1237, 0.123700000000000
41, 0, 0.000000000000000
42, 1254, 0.125400000000000
43, 0, 0.000000000000000
44, 1164, 0.116400000000000
45, 0, 0.000000000000000
46, 1188, 0.118800000000000
47, 0, 0.000000000000000
48, 1186, 0.118600000000000
49, 0, 0.000000000000000
50, 1170, 0.117000000000000
51, 0, 0.000000000000000
52, 1111, 0.111100000000000
53, 0, 0.000000000000000
54, 1103, 0.110300000000000
55, 0, 0.000000000000000
56, 1065, 0.106500000000000
57, 0, 0.000000000000000
58, 1051, 0.105100000000000
59, 0, 0.000000000000000
60, 1075, 0.107500000000000
61, 0, 0.000000000000000
62, 1039, 0.103900000000000
63, 0, 0.000000000000000
64, 1036, 0.103600000000000
65, 0, 0.000000000000000
66, 1026, 0.102600000000000
67, 0, 0.000000000000000
68, 1003, 0.100300000000000
69, 0, 0.000000000000000
70, 1002, 0.100200000000000
71, 0, 0.000000000000000
72, 968, 0.096800000000000
73, 0, 0.000000000000000
74, 969, 0.096900000000000
75, 0, 0.000000000000000
76, 962, 0.096200000000000
77, 0, 0.000000000000000
78, 913, 0.091300000000000
79, 0, 0.000000000000000
80, 920, 0.092000000000000
81, 0, 0.000000000000000
82, 898, 0.089800000000000
83, 0, 0.000000000000000
84, 885, 0.088500000000000
85, 0, 0.000000000000000
86, 847, 0.084700000000000
87, 0, 0.000000000000000
88, 851, 0.085100000000000
89, 0, 0.000000000000000
90, 808, 0.080800000000000
91, 0, 0.000000000000000
92, 791, 0.079100000000000
93, 0, 0.000000000000000
94, 834, 0.083400000000000
95, 0, 0.000000000000000
96, 849, 0.084900000000000
97, 0, 0.000000000000000
98, 873, 0.087300000000000
99, 0, 0.000000000000000
100, 821, 0.082100000000000
101, 0, 0.000000000000000
102, 783, 0.078300000000000
103, 0, 0.000000000000000
104, 805, 0.080500000000000
105, 0, 0.000000000000000
106, 760, 0.076000000000000
107, 0, 0.000000000000000
108, 747, 0.074700000000000
109, 0, 0.000000000000000
110, 768, 0.076800000000000
111, 0, 0.000000000000000
112, 790, 0.079000000000000
113, 0, 0.000000000000000
114, 743, 0.074300000000000
115, 0, 0.000000000000000
116, 787, 0.078700000000000
117, 0, 0.000000000000000
118, 745, 0.074500000000000
119, 0, 0.000000000000000
120, 734, 0.073400000000000
121, 0, 0.000000000000000
122, 706, 0.070600000000000
123, 0, 0.000000000000000
124, 687, 0.068700000000000
125, 0, 0.000000000000000
126, 696, 0.069600000000000
127, 0, 0.000000000000000
128, 704, 0.070400000000000
129, 0, 0.000000000000000
130, 702, 0.070200000000000
131, 0, 0.000000000000000
132, 696, 0.069600000000000
133, 0, 0.000000000000000
134, 676, 0.067600000000000
135, 0, 0.000000000000000
136, 683, 0.068300000000000
137, 0, 0.000000000000000
138, 691, 0.069100000000000
139, 0, 0.000000000000000
140, 675, 0.067500000000000
141, 0, 0.000000000000000
142, 661, 0.066100000000000
143, 0, 0.000000000000000
144, 704, 0.070400000000000
145, 0, 0.000000000000000
146, 674, 0.067400000000000
147, 0, 0.000000000000000
148, 647, 0.064700000000000
149, 0, 0.000000000000000
150, 680, 0.068000000000000
151, 0, 0.000000000000000
152, 681, 0.068100000000000
153, 0, 0.000000000000000
154, 637, 0.063700000000000
155, 0, 0.000000000000000
156, 615, 0.061500000000000
157, 0, 0.000000000000000
158, 608, 0.060800000000000
159, 0, 0.000000000000000
160, 613, 0.061300000000000
161, 0, 0.000000000000000
162, 625, 0.062500000000000
163, 0, 0.000000000000000
164, 615, 0.061500000000000
165, 0, 0.000000000000000
166, 665, 0.066500000000000
167, 0, 0.000000000000000
168, 617, 0.061700000000000
169, 0, 0.000000000000000
170, 607, 0.060700000000000
171, 0, 0.000000000000000
172, 603, 0.060300000000000
173, 0, 0.000000000000000
174, 629, 0.062900000000000
175, 0, 0.000000000000000
176, 614, 0.061400000000000
177, 0, 0.000000000000000
178, 606, 0.060600000000000
179, 0, 0.000000000000000
180, 578, 0.057800000000000
181, 0, 0.000000000000000
182, 593, 0.059300000000000
183, 0, 0.000000000000000
184, 583, 0.058300000000000
185, 0, 0.000000000000000
186, 615, 0.061500000000000
187, 0, 0.000000000000000
188, 598, 0.059800000000000
189, 0, 0.000000000000000
190, 583, 0.058300000000000
191, 0, 0.000000000000000
192, 560, 0.056000000000000
193, 0, 0.000000000000000
194, 565, 0.056500000000000
195, 0, 0.000000000000000
196, 532, 0.053200000000000
197, 0, 0.000000000000000
198, 534, 0.053400000000000
199, 0, 0.000000000000000
200, 536, 0.053600000000000
