10000, 1000, 1
1, 0, 0.000000
2, 4955, 0.495500
3, 0, 0.000000
4, 3732, 0.373200
5, 0, 0.000000
6, 3133, 0.313300
7, 0, 0.000000
8, 2721, 0.272100
9, 0, 0.000000
10, 2452, 0.245200
11, 0, 0.000000
12, 2268, 0.226800
13, 0, 0.000000
14, 2137, 0.213700
15, 0, 0.000000
16, 1999, 0.199900
17, 0, 0.000000
18, 1953, 0.195300
19, 0, 0.000000
20, 1796, 0.179600
21, 0, 0.000000
22, 1744, 0.174400
23, 0, 0.000000
24, 1686, 0.168600
25, 0, 0.000000
26, 1590, 0.159000
27, 0, 0.000000
28, 1487, 0.148700
29, 0, 0.000000
30, 1474, 0.147400
31, 0, 0.000000
32, 1420, 0.142000
33, 0, 0.000000
34, 1327, 0.132700
35, 0, 0.000000
36, 1310, 0.131000
37, 0, 0.000000
38, 1282, 0.128200
39, 0, 0.000000
40, 1237, 0.123700
41, 0, 0.000000
42, 1254, 0.125400
43, 0, 0.000000
44, 1164, 0.116400
45, 0, 0.000000
46, 1188, 0.118800
47, 0, 0.000000
48, 1186, 0.118600
49, 0, 0.000000
50, 1170, 0.117000
51, 0, 0.000000
52, 1111, 0.111100
53, 0, 0.000000
54, 1103, 0.110300
55, 0, 0.000000
56, 1065, 0.106500
57, 0, 0.000000
58, 1051, 0.105100
59, 0, 0.000000
60, 1075, 0.107500
61, 0, 0.000000
62, 1039, 0.103900
63, 0, 0.000000
64, 1036, 0.103600
65, 0, 0.000000
66, 1026, 0.102600
67, 0, 0.000000
68, 1003, 0.100300
69, 0, 0.000000
70, 1002, 0.100200
71, 0, 0.000000
72, 968, 0.096800
73, 0, 0.000000
74, 969, 0.096900
75, 0, 0.000000
76, 962, 0.096200
77, 0, 0.000000
78, 913, 0.091300
79, 0, 0.000000
80, 920, 0.092000
81, 0, 0.000000
82, 898, 0.089800
83, 0, 0.000000
84, 885, 0.088500
85, 0, 0.000000
86, 847, 0.084700
87, 0, 0.000000
88, 851, 0.085100
89, 0, 0.000000
90, 808, 0.080800
91, 0, 0.000000
92, 791, 0.079100
93, 0, 0.000000
94, 834, 0.083400
95, 0, 0.000000
96, 849, 0.084900
97, 0, 0.000000
98, 873, 0.087300
99, 0, 0.000000
100, 821, 0.082100
101, 0, 0.000000
102, 783, 0.078300
103, 0, 0.000000
104, 805, 0.080500
105, 0, 0.000000
106, 760, 0.076000
107, 0, 0.000000
108, 747, 0.074700
109, 0, 0.000000
110, 768, 0.076800
111, 0, 0.000000
112, 790, 0.079000
113, 0, 0.000000
114, 743, 0.074300
115, 0, 0.000000
116, 787, 0.078700
117, 0, 0.000000
118, 745, 0.074500
119, 0, 0.000000
120, 734, 0.073400
121, 0, 0.000000
122, 706, 0.070600
123, 0, 0.000000
124, 687, 0.068700
125, 0, 0.000000
126, 696, 0.069600
127, 0, 0.000000
128, 704, 0.070400
129, 0, 0.000000
130, 702, 0.070200
131, 0, 0.000000
132, 696, 0.069600
133, 0, 0.000000
134, 676, 0.067600
135, 0, 0.000000
136, 683, 0.068300
137, 0, 0.000000
138, 691, 0.069100
139, 0, 0.000000
140, 675, 0.067500
141, 0, 0.000000
142, 661, 0.066100
143, 0, 0.000000
144, 704, 0.070400
145, 0, 0.000000
146, 674, 0.067400
147, 0, 0.000000
148, 647, 0.064700
149, 0, 0.000000
150, 680, 0.068000
151, 0, 0.000000
152, 681, 0.068100
153, 0, 0.000000
154, 637, 0.063700
155, 0, 0.000000
156, 615, 0.061500
157, 0, 0.000000
158, 608, 0.060800
159, 0, 0.000000
160, 613, 0.061300
161, 0, 0.000000
162, 625, 0.062500
163, 0, 0.000000
164, 615, 0.061500
165, 0, 0.000000
166, 665, 0.066500
167, 0, 0.000000
168, 617, 0.061700
169, 0, 0.000000
170, 607, 0.060700
171, 0, 0.000000
172, 603, 0.060300
173, 0, 0.000000
174, 629, 0.062900
175, 0, 0.000000
176, 614, 0.061400
177, 0, 0.000000
178, 606, 0.060600
179, 0, 0.000000
180, 578, 0.057800
181, 0, 0.000000
182, 593, 0.059300
183, 0, 0.000000
184, 583, 0.058300
185, 0, 0.000000
186, 615, 0.061500
187, 0, 0.000000
188, 598, 0.059800
189, 0, 0.000000
190, 583, 0.058300
191, 0, 0.000000
192, 560, 0.056000
193, 0, 0.000000
194, 565, 0.056500
195, 0, 0.000000
196, 532, 0.053200
197, 0, 0.000000
198, 534, 0.053400
199, 0, 0.000000
200, 536, 0.053600
201, 0, 0.000000
202, 534, 0.053400
203, 0, 0.000000
204, 517, 0.051700
205, 0, 0.000000
206, 553, 0.055300
207, 0, 0.000000
208, 574, 0.057400
209, 0, 0.000000
210, 555, 0.055500
211, 0, 0.000000
212, 531, 0.053100
213, 0, 0.000000
214, 544, 0.054400
215, 0, 0.000000
216, 544, 0.054400
217, 0, 0.000000
218, 517, 0.051700
219, 0, 0.000000
220, 517, 0.051700
221, 0, 0.000000
222, 535, 0.053500
223, 0, 0.000000
224, 556, 0.055600
225, 0, 0.000000
226, 538, 0.053800
227, 0, 0.000000
228, 558, 0.055800
229, 0, 0.000000
230, 531, 0.053100
231, 0, 0.000000
232, 537, 0.053700
233, 0, 0.000000
234, 498, 0.049800
235, 0, 0.000000
236, 519, 0.051900
237, 0, 0.000000
238, 503, 0.050300
239, 0, 0.000000
240, 524, 0.052400
241, 0, 0.000000
242, 520, 0.052000
243, 0, 0.000000
244, 522, 0.052200
245, 0, 0.000000
246, 517, 0.051700
247, 0, 0.000000
248, 482, 0.048200
249, 0, 0.000000
250, 489, 0.048900
251, 0, 0.000000
252, 473, 0.047300
253, 0, 0.000000
254, 463, 0.046300
255, 0, 0.000000
256, 505, 0.050500
257, 0, 0.000000
258, 519, 0.051900
259, 0, 0.000000
260, 489, 0.048900
261, 0, 0.000000
262, 480, 0.048000
263, 0, 0.000000
264, 508, 0.050800
265, 0, 0.000000
266, 488, 0.048800
267, 0, 0.000000
268, 512, 0.051200
269, 0, 0.000000
270, 491, 0.049100
271, 0, 0.000000
272, 508, 0.050800
273, 0, 0.000000
274, 488, 0.048800
275, 0, 0.000000
276, 511, 0.051100
277, 0, 0.000000
278, 482, 0.048200
279, 0, 0.000000
280, 461, 0.046100
281, 0, 0.000000
282, 477, 0.047700
283, 0, 0.000000
284, 475, 0.047500
285, 0, 0.000000
286, 471, 0.047100
287, 0, 0.000000
288, 461, 0.046100
289, 0, 0.000000
290, 473, 0.047300
291, 0, 0.000000
292, 468, 0.046800
293, 0, 0.000000
294, 458, 0.045800
295, 0, 0.000000
296, 454, 0.045400
297, 0, 0.000000
298, 459, 0.045900
299, 0, 0.000000
300, 454, 0.045400
301, 0, 0.000000
302, 467, 0.046700
303, 0, 0.000000
304, 462, 0.046200
305, 0, 0.000000
306, 423, 0.042300
307, 0, 0.000000
308, 438, 0.043800
309, 0, 0.000000
310, 453, 0.045300
311, 0, 0.000000
312, 477, 0.047700
313, 0, 0.000000
314, 503, 0.050300
315, 0, 0.000000
316, 466, 0.046600
317, 0, 0.000000
318, 451, 0.045100
319, 0, 0.000000
320, 474, 0.047400
321, 0, 0.000000
322, 439, 0.043900
323, 0, 0.000000
324, 465, 0.046500
325, 0, 0.000000
326, 454, 0.045400
327, 0, 0.000000
328, 446, 0.044600
329, 0, 0.000000
330, 451, 0.045100
331, 0, 0.000000
332, 442, 0.044200
333, 0, 0.000000
334, 420, 0.042000
335, 0, 0.000000
336, 448, 0.044800
337, 0, 0.000000
338, 440, 0.044000
339, 0, 0.000000
340, 432, 0.043200
341, 0, 0.000000
342, 443, 0.044300
343, 0, 0.000000
344, 413, 0.041300
345, 0, 0.000000
346, 422, 0.042200
347, 0, 0.000000
348, 441, 0.044100
349, 0, 0.000000
350, 426, 0.042600
351, 0, 0.000000
352, 459, 0.045900
353, 0, 0.000000
354, 429, 0.042900
355, 0, 0.000000
356, 435, 0.043500
357, 0, 0.000000
358, 448, 0.044800
359, 0, 0.000000
360, 416, 0.041600
361, 0, 0.000000
362, 411, 0.041100
363, 0, 0.000000
364, 440, 0.044000
365, 0, 0.000000
366, 416, 0.041600
367, 0, 0.000000
368, 428, 0.042800
369, 0, 0.000000
370, 435, 0.043500
371, 0, 0.000000
372, 435, 0.043500
373, 0, 0.000000
374, 421, 0.042100
375, 0, 0.000000
376, 432, 0.043200
377, 0, 0.000000
378, 423, 0.042300
379, 0, 0.000000
380, 415, 0.041500
381, 0, 0.000000
382, 375, 0.037500
383, 0, 0.000000
384, 408, 0.040800
385, 0, 0.000000
386, 391, 0.039100
387, 0, 0.000000
388, 393, 0.039300
389, 0, 0.000000
390, 395, 0.039500
391, 0, 0.000000
392, 388, 0.038800
393, 0, 0.000000
394, 398, 0.039800
395, 0, 0.000000
396, 373, 0.037300
397, 0, 0.000000
398, 395, 0.039500
399, 0, 0.000000
400, 411, 0.041100
401, 0, 0.000000
402, 408, 0.040800
403, 0, 0.000000
404, 361, 0.036100
405, 0, 0.000000
406, 396, 0.039600
407, 0, 0.000000
408, 397, 0.039700
409, 0, 0.000000
410, 383, 0.038300
411, 0, 0.000000
412, 397, 0.039700
413, 0, 0.000000
414, 391, 0.039100
415, 0, 0.000000
416, 396, 0.039600
417, 0, 0.000000
418, 365, 0.036500
419, 0, 0.000000
420, 376, 0.037600
421, 0, 0.000000
422, 384, 0.038400
423, 0, 0.000000
424, 410, 0.041000
425, 0, 0.000000
426, 404, 0.040400
427, 0, 0.000000
428, 399, 0.039900
429, 0, 0.000000
430, 387, 0.038700
431, 0, 0.000000
432, 398, 0.039800
433, 0, 0.000000
434, 398, 0.039800
435, 0, 0.000000
436, 386, 0.038600
437, 0, 0.000000
438, 383, 0.038300
439, 0, 0.000000
440, 381, 0.038100
441, 0, 0.000000
442, 397, 0.039700
443, 0, 0.000000
444, 417, 0.041700
445, 0, 0.000000
446, 406, 0.040600
447, 0, 0.000000
448, 379, 0.037900
449, 0, 0.000000
450, 373, 0.037300
451, 0, 0.000000
452, 398, 0.039800
453, 0, 0.000000
454, 407, 0.040700
455, 0, 0.000000
456, 415, 0.041500
457, 0, 0.000000
458, 386, 0.038600
459, 0, 0.000000
460, 371, 0.037100
461, 0, 0.000000
462, 360, 0.036000
463, 0, 0.000000
464, 406, 0.040600
465, 0, 0.000000
466, 381, 0.038100
467, 0, 0.000000
468, 380, 0.038000
469, 0, 0.000000
470, 396, 0.039600
471, 0, 0.000000
472, 398, 0.039800
473, 0, 0.000000
474, 380, 0.038000
475, 0, 0.000000
476, 352, 0.035200
477, 0, 0.000000
478, 361, 0.036100
479, 0, 0.000000
480, 380, 0.038000
481, 0, 0.000000
482, 372, 0.037200
483, 0, 0.000000
484, 359, 0.035900
485, 0, 0.000000
486, 342, 0.034200
487, 0, 0.000000
488, 356, 0.035600
489, 0, 0.000000
490, 405, 0.040500
491, 0, 0.000000
492, 375, 0.037500
493, 0, 0.000000
494, 348, 0.034800
495, 0, 0.000000
496, 338, 0.033800
497, 0, 0.000000
498, 348, 0.034800
499, 0, 0.000000
500, 341, 0.034100
501, 0, 0.000000
502, 362, 0.036200
503, 0, 0.000000
504, 352, 0.035200
505, 0, 0.000000
506, 353, 0.035300
507, 0, 0.000000
508, 361, 0.036100
509, 0, 0.000000
510, 369, 0.036900
511, 0, 0.000000
512, 365, 0.036500
513, 0, 0.000000
514, 354, 0.035400
515, 0, 0.000000
516, 361, 0.036100
517, 0, 0.000000
518, 359, 0.035900
519, 0, 0.000000
520, 324, 0.032400
521, 0, 0.000000
522, 347, 0.034700
523, 0, 0.000000
524, 353, 0.035300
525, 0, 0.000000
526, 349, 0.034900
527, 0, 0.000000
528, 349, 0.034900
529, 0, 0.000000
530, 358, 0.035800
531, 0, 0.000000
532, 372, 0.037200
533, 0, 0.000000
534, 382, 0.038200
535, 0, 0.000000
536, 345, 0.034500
537, 0, 0.000000
538, 346, 0.034600
539, 0, 0.000000
540, 357, 0.035700
541, 0, 0.000000
542, 366, 0.036600
543, 0, 0.000000
544, 366, 0.036600
545, 0, 0.000000
546, 367, 0.036700
547, 0, 0.000000
548, 352, 0.035200
549, 0, 0.000000
550, 362, 0.036200
551, 0, 0.000000
552, 366, 0.036600
553, 0, 0.000000
554, 369, 0.036900
555, 0, 0.000000
556, 369, 0.036900
557, 0, 0.000000
558, 320, 0.032000
559, 0, 0.000000
560, 355, 0.035500
561, 0, 0.000000
562, 342, 0.034200
563, 0, 0.000000
564, 353, 0.035300
565, 0, 0.000000
566, 336, 0.033600
567, 0, 0.000000
568, 327, 0.032700
569, 0, 0.000000
570, 325, 0.032500
571, 0, 0.000000
572, 323, 0.032300
573, 0, 0.000000
574, 309, 0.030900
575, 0, 0.000000
576, 316, 0.031600
577, 0, 0.000000
578, 294, 0.029400
579, 0, 0.000000
580, 317, 0.031700
581, 0, 0.000000
582, 312, 0.031200
583, 0, 0.000000
584, 323, 0.032300
585, 0, 0.000000
586, 337, 0.033700
587, 0, 0.000000
588, 334, 0.033400
589, 0, 0.000000
590, 317, 0.031700
591, 0, 0.000000
592, 322, 0.032200
593, 0, 0.000000
594, 311, 0.031100
595, 0, 0.000000
596, 354, 0.035400
597, 0, 0.000000
598, 355, 0.035500
599, 0, 0.000000
600, 340, 0.034000
601, 0, 0.000000
602, 344, 0.034400
603, 0, 0.000000
604, 331, 0.033100
605, 0, 0.000000
606, 321, 0.032100
607, 0, 0.000000
608, 347, 0.034700
609, 0, 0.000000
610, 325, 0.032500
611, 0, 0.000000
612, 366, 0.036600
613, 0, 0.000000
614, 361, 0.036100
615, 0, 0.000000
616, 347, 0.034700
617, 0, 0.000000
618, 341, 0.034100
619, 0, 0.000000
620, 346, 0.034600
621, 0, 0.000000
622, 347, 0.034700
623, 0, 0.000000
624, 318, 0.031800
625, 0, 0.000000
626, 345, 0.034500
627, 0, 0.000000
628, 344, 0.034400
629, 0, 0.000000
630, 362, 0.036200
631, 0, 0.000000
632, 340, 0.034000
633, 0, 0.000000
634, 316, 0.031600
635, 0, 0.000000
636, 334, 0.033400
637, 0, 0.000000
638, 349, 0.034900
639, 0, 0.000000
640, 313, 0.031300
641, 0, 0.000000
642, 323, 0.032300
643, 0, 0.000000
644, 311, 0.031100
645, 0, 0.000000
646, 311, 0.031100
647, 0, 0.000000
648, 317, 0.031700
649, 0, 0.000000
650, 289, 0.028900
651, 0, 0.000000
652, 302, 0.030200
653, 0, 0.000000
654, 334, 0.033400
655, 0, 0.000000
656, 300, 0.030000
657, 0, 0.000000
658, 305, 0.030500
659, 0, 0.000000
660, 305, 0.030500
661, 0, 0.000000
662, 286, 0.028600
663, 0, 0.000000
664, 303, 0.030300
665, 0, 0.000000
666, 302, 0.030200
667, 0, 0.000000
668, 289, 0.028900
669, 0, 0.000000
670, 285, 0.028500
671, 0, 0.000000
672, 307, 0.030700
673, 0, 0.000000
674, 301, 0.030100
675, 0, 0.000000
676, 316, 0.031600
677, 0, 0.000000
678, 296, 0.029600
679, 0, 0.000000
680, 314, 0.031400
681, 0, 0.000000
682, 311, 0.031100
683, 0, 0.000000
684, 309, 0.030900
685, 0, 0.000000
686, 318, 0.031800
687, 0, 0.000000
688, 285, 0.028500
689, 0, 0.000000
690, 265, 0.026500
691, 0, 0.000000
692, 290, 0.029000
693, 0, 0.000000
694, 310, 0.031000
695, 0, 0.000000
696, 277, 0.027700
697, 0, 0.000000
698, 315, 0.031500
699, 0, 0.000000
700, 311, 0.031100
701, 0, 0.000000
702, 291, 0.029100
703, 0, 0.000000
704, 279, 0.027900
705, 0, 0.000000
706, 290, 0.029000
707, 0, 0.000000
708, 293, 0.029300
709, 0, 0.000000
710, 294, 0.029400
711, 0, 0.000000
712, 273, 0.027300
713, 0, 0.000000
714, 302, 0.030200
715, 0, 0.000000
716, 292, 0.029200
717, 0, 0.000000
718, 293, 0.029300
719, 0, 0.000000
720, 305, 0.030500
721, 0, 0.000000
722, 298, 0.029800
723, 0, 0.000000
724, 316, 0.031600
725, 0, 0.000000
726, 301, 0.030100
727, 0, 0.000000
728, 292, 0.029200
729, 0, 0.000000
730, 304, 0.030400
731, 0, 0.000000
732, 302, 0.030200
733, 0, 0.000000
734, 303, 0.030300
735, 0, 0.000000
736, 300, 0.030000
737, 0, 0.000000
738, 314, 0.031400
739, 0, 0.000000
740, 310, 0.031000
741, 0, 0.000000
742, 248, 0.024800
743, 0, 0.000000
744, 263, 0.026300
745, 0, 0.000000
746, 274, 0.027400
747, 0, 0.000000
748, 297, 0.029700
749, 0, 0.000000
750, 305, 0.030500
751, 0, 0.000000
752, 260, 0.026000
753, 0, 0.000000
754, 306, 0.030600
755, 0, 0.000000
756, 285, 0.028500
757, 0, 0.000000
758, 308, 0.030800
759, 0, 0.000000
760, 271, 0.027100
761, 0, 0.000000
762, 280, 0.028000
763, 0, 0.000000
764, 268, 0.026800
765, 0, 0.000000
766, 283, 0.028300
767, 0, 0.000000
768, 330, 0.033000
769, 0, 0.000000
770, 314, 0.031400
771, 0, 0.000000
772, 298, 0.029800
773, 0, 0.000000
774, 285, 0.028500
775, 0, 0.000000
776, 249, 0.024900
777, 0, 0.000000
778, 279, 0.027900
779, 0, 0.000000
780, 260, 0.026000
781, 0, 0.000000
782, 279, 0.027900
783, 0, 0.000000
784, 280, 0.028000
785, 0, 0.000000
786, 298, 0.029800
787, 0, 0.000000
788, 291, 0.029100
789, 0, 0.000000
790, 307, 0.030700
791, 0, 0.000000
792, 309, 0.030900
793, 0, 0.000000
794, 300, 0.030000
795, 0, 0.000000
796, 282, 0.028200
797, 0, 0.000000
798, 293, 0.029300
799, 0, 0.000000
800, 276, 0.027600
801, 0, 0.000000
802, 281, 0.028100
803, 0, 0.000000
804, 286, 0.028600
805, 0, 0.000000
806, 282, 0.028200
807, 0, 0.000000
808, 267, 0.026700
809, 0, 0.000000
810, 266, 0.026600
811, 0, 0.000000
812, 273, 0.027300
813, 0, 0.000000
814, 308, 0.030800
815, 0, 0.000000
816, 315, 0.031500
817, 0, 0.000000
818, 308, 0.030800
819, 0, 0.000000
820, 301, 0.030100
821, 0, 0.000000
822, 304, 0.030400
823, 0, 0.000000
824, 291, 0.029100
825, 0, 0.000000
826, 302, 0.030200
827, 0, 0.000000
828, 278, 0.027800
829, 0, 0.000000
830, 274, 0.027400
831, 0, 0.000000
832, 284, 0.028400
833, 0, 0.000000
834, 285, 0.028500
835, 0, 0.000000
836, 297, 0.029700
837, 0, 0.000000
838, 277, 0.027700
839, 0, 0.000000
840, 272, 0.027200
841, 0, 0.000000
842, 255, 0.025500
843, 0, 0.000000
844, 279, 0.027900
845, 0, 0.000000
846, 261, 0.026100
847, 0, 0.000000
848, 254, 0.025400
849, 0, 0.000000
850, 258, 0.025800
851, 0, 0.000000
852, 258, 0.025800
853, 0, 0.000000
854, 250, 0.025000
855, 0, 0.000000
856, 266, 0.026600
857, 0, 0.000000
858, 261, 0.026100
859, 0, 0.000000
860, 254, 0.025400
861, 0, 0.000000
862, 264, 0.026400
863, 0, 0.000000
864, 265, 0.026500
865, 0, 0.000000
866, 291, 0.029100
867, 0, 0.000000
868, 278, 0.027800
869, 0, 0.000000
870, 282, 0.028200
871, 0, 0.000000
872, 273, 0.027300
873, 0, 0.000000
874, 241, 0.024100
875, 0, 0.000000
876, 270, 0.027000
877, 0, 0.000000
878, 251, 0.025100
879, 0, 0.000000
880, 238, 0.023800
881, 0, 0.000000
882, 270, 0.027000
883, 0, 0.000000
884, 277, 0.027700
885, 0, 0.000000
886, 284, 0.028400
887, 0, 0.000000
888, 255, 0.025500
889, 0, 0.000000
890, 266, 0.026600
891, 0, 0.000000
892, 264, 0.026400
893, 0, 0.000000
894, 275, 0.027500
895, 0, 0.000000
896, 250, 0.025000
897, 0, 0.000000
898, 272, 0.027200
899, 0, 0.000000
900, 290, 0.029000
901, 0, 0.000000
902, 276, 0.027600
903, 0, 0.000000
904, 248, 0.024800
905, 0, 0.000000
906, 257, 0.025700
907, 0, 0.000000
908, 260, 0.026000
909, 0, 0.000000
910, 264, 0.026400
911, 0, 0.000000
912, 266, 0.026600
913, 0, 0.000000
914, 269, 0.026900
915, 0, 0.000000
916, 277, 0.027700
917, 0, 0.000000
918, 276, 0.027600
919, 0, 0.000000
920, 265, 0.026500
921, 0, 0.000000
922, 264, 0.026400
923, 0, 0.000000
924, 249, 0.024900
925, 0, 0.000000
926, 237, 0.023700
927, 0, 0.000000
928, 249, 0.024900
929, 0, 0.000000
930, 254, 0.025400
931, 0, 0.000000
932, 259, 0.025900
933, 0, 0.000000
934, 252, 0.025200
935, 0, 0.000000
936, 243, 0.024300
937, 0, 0.000000
938, 258, 0.025800
939, 0, 0.000000
940, 254, 0.025400
941, 0, 0.000000
942, 255, 0.025500
943, 0, 0.000000
944, 231, 0.023100
945, 0, 0.000000
946, 230, 0.023000
947, 0, 0.000000
948, 265, 0.026500
949, 0, 0.000000
950, 261, 0.026100
951, 0, 0.000000
952, 268, 0.026800
953, 0, 0.000000
954, 246, 0.024600
955, 0, 0.000000
956, 246, 0.024600
957, 0, 0.000000
958, 244, 0.024400
959, 0, 0.000000
960, 239, 0.023900
961, 0, 0.000000
962, 253, 0.025300
963, 0, 0.000000
964, 230, 0.023000
965, 0, 0.000000
966, 255, 0.025500
967, 0, 0.000000
968, 258, 0.025800
969, 0, 0.000000
970, 241, 0.024100
971, 0, 0.000000
972, 235, 0.023500
973, 0, 0.000000
974, 253, 0.025300
975, 0, 0.000000
976, 235, 0.023500
977, 0, 0.000000
978, 229, 0.022900
979, 0, 0.000000
980, 253, 0.025300
981, 0, 0.000000
982, 237, 0.023700
983, 0, 0.000000
984, 229, 0.022900
985, 0, 0.000000
986, 254, 0.025400
987, 0, 0.000000
988, 252, 0.025200
989, 0, 0.000000
990, 251, 0.025100
991, 0, 0.000000
992, 250, 0.025000
993, 0, 0.000000
994, 252, 0.025200
995, 0, 0.000000
996, 267, 0.026700
997, 0, 0.000000
998, 245, 0.024500
999, 0, 0.000000
1000, 232, 0.023200
