100, 0.100000, 1.000000, 100, 0, 0, 0, 0, 0, 0, 0, 0, 0, 0, 0, 0, 0, 0, 0, 0, 0, 0, 0, 0, 0, 0, 0, 0, 0, 0, 0, 0, 0, 0, 0, 0, 0, 0, 0, 0, 0, 0, 0, 0, 0, 0, 0, 0, 0, 0, 0, 0, 0, 0, 0, 0, 0, 0, 0, 0, 0, 0, 0, 0, 0, 0, 0, 0, 0, 0, 0, 0, 0, 0, 0, 0, 0, 0, 0, 0, 0, 0, 0, 0, 0, 0, 0, 0, 0, 0, 0, 0, 0, 0, 0, 0, 0, 0, 0, 0, 0, 0, 0
0, 0, 0, 0, 0, 0, 0, 0, 0, 0, 0, 0, 0, 0, 0, 0, 0, 0, 0, 0, 0, 0, 0, 0, 0, 0, 0, 0, 0, 0, 0, 0, 0, 0, 0, 0, 0, 0, 0, 0, 0, 0, 0, 0, 0, 0, 0, 0, 0, 0, 0, 0, 0, 0, 0, 0, 0, 0, 0, 0, 0, 0, 0, 0, 0, 0, 0, 0, 0, 0, 0, 0, 0, 0, 0, 0, 0, 0, 0, 0, 0, 0, 0, 0, 0, 0, 0, 0, 0, 0, 0, 0, 0, 0, 0, 0, 0, 0, 0, 0, 0, 0.000000, 0.000000
1, -1, 1, -1, -1, -1, 1, 1, -1, 1, -1, 1, -1, 1, -1, -1, -1, -1, -1, 1, -1, 1, 1, 1, -1, 1, 1, 1, 1, -1, 1, -1, -1, -1, 1, -1, -1, 1, -1, 1, -1, -1, -1, 1, -1, 1, 1, -1, -1, 1, -1, -1, 1, 1, -1, -1, 1, 1, 1, 1, 1, 1, -1, -1, -1, 1, -1, 1, -1, -1, -1, -1, 1, 1, -1, -1, -1, 1, -1, -1, 1, -1, 1, 1, -1, -1, 1, 1, -1, 1, -1, -1, -1, -1, -1, 1, -1, 1, -1, -1, -1, -0.140000, 1.000000
2, 0, 2, -2, -2, 0, 0, 0, 0, 0, 0, 0, 0, 2, 0, 0, 0, -2, 0, 2, -2, 2, 2, 2, -2, 0, 0, 0, 2, -2, 2, 0, 0, -2, 2, 0, -2, 2, -2, 2, -2, 0, -2, 2, 0, 2, 2, -2, -2, 0, -2, -2, 0, 2, 0, 0, 2, 2, 2, 2, 0, 0, -2, 0, 0, 0, 0, 0, 0, -2, 0, -2, 2, 2, -2, -2, 0, 2, 0, -2, 0, 0, 0, 0, 0, -2, 2, 2, -2, 2, -2, -2, -2, -2, -2, 2, -2, 0, -2, -2, -2, -0.120000, 2.320000
3, -1, 1, -3, -3, -1, 1, 1, -1, -1, 1, -1, 1, 1, 1, -1, 1, -1, 1, 3, -3, 3, 1, 3, -3, 1, 1, -1, 3, -1, 3, -1, 1, -1, 1, 1, -1, 3, -1, 1, -1, -1, -1, 3, 1, 1, 3, -3, -1, 1, -3, -3, -1, 3, 1, -1, 1, 1, 3, 1, 1, -1, -3, -1, 1, 1, 1, 1, -1, -3, 1, -1, 3, 3, -1, -3, 1, 1, 1, -1, 1, -1, 1, -1, 1, -1, 3, 1, -3, 1, -3, -1, -3, -1, -3, 1, -3, -1, -1, -3, -1, -0.040000, 3.320000
4, 0, 0, -4, -4, 0, 2, 2, 0, -2, 2, 0, 0, 2, 2, 0, 0, -2, 2, 4, -2, 2, 0, 4, -2, 2, 2, 0, 4, 0, 2, -2, 2, -2, 0, 2, 0, 4, -2, 2, 0, 0, 0, 4, 2, 2, 4, -2, 0, 2, -4, -2, 0, 2, 0, 0, 2, 0, 4, 2, 2, 0, -2, -2, 2, 2, 2, 0, 0, -4, 2, -2, 4, 4, 0, -4, 0, 2, 2, -2, 0, 0, 2, -2, 0, 0, 4, 0, -2, 2, -2, 0, -4, -2, -2, 2, -2, 0, -2, -4, 0, 0.300000, 4.680000
5, 1, 1, -3, -3, 1, 3, 3, -1, -1, 3, 1, 1, 3, 3, 1, -1, -1, 3, 3, -1, 3, 1, 3, -1, 3, 1, 1, 3, 1, 3, -1, 1, -1, -1, 3, 1, 5, -1, 3, 1, -1, -1, 5, 3, 3, 5, -1, 1, 3, -3, -1, 1, 3, 1, 1, 1, 1, 5, 3, 1, 1, -3, -3, 3, 3, 3, 1, -1, -3, 3, -1, 5, 5, -1, -5, 1, 3, 3, -1, 1, 1, 3, -3, 1, 1, 5, 1, -1, 3, -3, 1, -3, -1, -3, 3, -1, -1, -1, -3, 1, 0.880000, 6.040000
6, 0, 2, -4, -2, 2, 4, 2, 0, 0, 2, 2, 0, 4, 2, 2, 0, -2, 2, 2, 0, 4, 0, 2, 0, 2, 2, 2, 2, 0, 2, 0, 2, 0, 0, 2, 0, 4, 0, 4, 2, 0, 0, 6, 4, 4, 6, 0, 2, 2, -2, 0, 2, 4, 2, 0, 2, 2, 6, 4, 2, 2, -2, -2, 4, 4, 2, 2, 0, -2, 2, 0, 6, 6, 0, -4, 2, 4, 2, 0, 2, 2, 2, -4, 0, 0, 4, 2, 0, 4, -2, 0, -2, -2, -4, 4, 0, -2, -2, -4, 2, 1.200000, 6.880000
7, 1, 1, -3, -1, 3, 5, 3, 1, 1, 3, 3, -1, 5, 3, 1, 1, -1, 3, 3, 1, 5, 1, 3, 1, 3, 3, 3, 3, 1, 1, 1, 3, -1, -1, 3, 1, 5, -1, 5, 1, 1, 1, 5, 5, 3, 7, 1, 3, 1, -1, -1, 3, 5, 1, 1, 3, 3, 7, 5, 3, 3, -1, -3, 5, 5, 3, 3, 1, -3, 3, 1, 7, 7, 1, -3, 3, 5, 1, 1, 3, 3, 3, -5, 1, 1, 3, 3, 1, 5, -1, 1, -1, -3, -3, 5, 1, -1, -3, -3, 3, 1.800000, 9.640000
8, 0, 2, -2, 0, 4, 6, 4, 2, 2, 4, 4, 0, 6, 4, 0, 0, 0, 2, 4, 2, 6, 2, 4, 2, 4, 2, 4, 4, 2, 2, 2, 4, 0, 0, 2, 2, 6, 0, 6, 2, 2, 2, 6, 6, 4, 8, 2, 4, 2, 0, 0, 2, 4, 2, 2, 4, 4, 6, 6, 4, 4, 0, -4, 6, 6, 4, 2, 2, -2, 4, 2, 8, 8, 2, -2, 4, 6, 2, 2, 4, 4, 4, -6, 2, 2, 4, 4, 2, 6, -2, 0, 0, -2, -2, 6, 2, 0, -2, -2, 2, 2.500000, 13.240000
9, 1, 3, -3, 1, 5, 7, 5, 3, 3, 5, 5, -1, 7, 5, -1, 1, 1, 3, 5, 3, 7, 3, 5, 3, 5, 3, 5, 5, 3, 1, 3, 5, 1, 1, 3, 1, 7, 1, 7, 3, 3, 3, 7, 7, 5, 9, 3, 5, 3, 1, 1, 3, 5, 3, 1, 3, 5, 7, 7, 5, 3, 1, -3, 7, 7, 5, 3, 3, -1, 5, 1, 9, 9, 3, -1, 5, 7, 3, 3, 3, 5, 5, -5, 3, 3, 5, 5, 3, 7, -1, 1, 1, -1, -1, 7, 3, 1, -1, -1, 3, 3.300000, 18.520000
10, 2, 4, -2, 2, 6, 8, 6, 4, 4, 4, 6, 0, 8, 4, 0, 2, 2, 4, 6, 4, 8, 4, 6, 4, 6, 4, 6, 6, 4, 2, 4, 6, 2, 2, 4, 2, 8, 2, 8, 4, 4, 4, 8, 8, 6, 10, 4, 6, 4, 2, 2, 4, 4, 4, 2, 4, 6, 8, 8, 6, 4, 2, -2, 8, 8, 6, 4, 4, 0, 6, 2, 10, 10, 2, 0, 6, 8, 4, 4, 4, 4, 6, -4, 4, 4, 4, 6, 4, 8, 0, 0, 2, 0, 0, 8, 4, 2, 0, 0, 4, 4.160000, 24.960000
11, 3, 5, -1, 3, 7, 9, 7, 5, 5, 5, 7, 1, 9, 5, 1, 3, 3, 5, 7, 5, 9, 3, 7, 5, 7, 5, 7, 7, 5, 3, 5, 7, 3, 3, 5, 1, 9, 3, 9, 5, 5, 5, 9, 9, 7, 9, 3, 7, 5, 3, 3, 5, 5, 5, 3, 5, 7, 9, 9, 7, 5, 3, -1, 9, 9, 7, 5, 5, 1, 5, 3, 11, 11, 1, 1, 7, 9, 5, 5, 3, 3, 7, -3, 3, 5, 5, 7, 5, 9, 1, 1, 3, 1, 1, 9, 5, 3, 1, -1, 5, 4.960000, 32.680000
12, 4, 6, 0, 2, 8, 10, 8, 6, 6, 6, 8, 2, 10, 6, 2, 4, 4, 6, 8, 6, 10, 4, 8, 6, 8, 6, 8, 8, 6, 4, 6, 8, 4, 4, 6, 2, 10, 2, 10, 6, 6, 6, 10, 10, 8, 10, 4, 8, 6, 4, 4, 6, 6, 6, 4, 6, 8, 10, 10, 8, 6, 4, 0, 10, 10, 8, 6, 6, 2, 6, 4, 12, 12, 2, 2, 8, 10, 6, 6, 4, 4, 8, -2, 4, 6, 6, 8, 6, 10, 2, 2, 4, 2, 2, 10, 6, 4, 2, 0, 6, 5.920000, 43.360000
13, 5, 7, -1, 3, 9, 9, 9, 7, 7, 7, 9, 3, 11, 7, 3, 5, 5, 7, 9, 7, 11, 5, 9, 7, 9, 7, 9, 9, 7, 5, 7, 9, 5, 5, 7, 3, 11, 3, 11, 7, 7, 7, 11, 11, 9, 11, 5, 9, 7, 5, 5, 7, 7, 7, 5, 7, 9, 11, 11, 9, 7, 5, 1, 11, 11, 7, 7, 7, 3, 7, 5, 13, 13, 3, 3, 9, 11, 7, 7, 5, 5, 9, -1, 5, 7, 7, 9, 7, 11, 1, 3, 5, 3, 3, 11, 7, 5, 3, 1, 5, 6.820000, 55.160000
14, 6, 8, 0, 4, 10, 10, 10, 8, 8, 8, 10, 4, 12, 8, 4, 6, 6, 8, 10, 8, 12, 6, 10, 8, 10, 8, 10, 10, 8, 6, 8, 10, 6, 6, 8, 4, 12, 4, 12, 8, 8, 8, 12, 12, 10, 12, 6, 10, 8, 6, 6, 8, 8, 8, 6, 8, 10, 12, 12, 10, 8, 6, 2, 12, 12, 8, 8, 8, 4, 8, 6, 14, 14, 4, 4, 10, 12, 8, 8, 6, 6, 10, -2, 6, 8, 8, 10, 8, 12, 2, 4, 6, 4, 4, 12, 8, 6, 4, 2, 6, 7.800000, 69.840000
15, 7, 9, 1, 5, 11, 11, 11, 9, 9, 9, 11, 5, 13, 9, 5, 7, 7, 9, 11, 9, 13, 7, 11, 9, 11, 9, 11, 11, 9, 7, 9, 11, 7, 7, 9, 5, 13, 5, 13, 9, 9, 9, 13, 13, 11, 13, 7, 9, 9, 7, 7, 9, 9, 9, 7, 9, 9, 13, 13, 11, 9, 7, 3, 13, 13, 9, 9, 9, 5, 9, 7, 15, 15, 5, 5, 11, 13, 9, 9, 7, 7, 11, -1, 7, 7, 9, 11, 9, 13, 3, 5, 7, 5, 5, 13, 9, 7, 5, 3, 7, 8.740000, 85.320000
16, 8, 10, 2, 6, 12, 12, 12, 10, 10, 10, 12, 6, 14, 10, 6, 8, 8, 10, 12, 10, 14, 8, 12, 10, 12, 10, 12, 12, 10, 8, 10, 12, 8, 8, 10, 6, 14, 6, 14, 10, 10, 10, 14, 14, 12, 14, 8, 10, 10, 8, 8, 10, 10, 10, 8, 10, 10, 14, 14, 12, 10, 8, 4, 14, 14, 10, 10, 10, 6, 10, 8, 16, 16, 6, 6, 12, 14, 10, 10, 8, 8, 12, 0, 8, 8, 10, 12, 10, 14, 4, 6, 8, 6, 6, 14, 10, 8, 6, 4, 8, 9.740000, 103.800000
17, 9, 11, 3, 7, 13, 13, 13, 11, 11, 11, 13, 7, 15, 11, 7, 9, 9, 11, 13, 11, 15, 9, 13, 11, 13, 11, 13, 13, 11, 9, 11, 13, 9, 9, 11, 7, 15, 7, 15, 11, 11, 11, 15, 15, 13, 15, 9, 11, 11, 9, 9, 11, 11, 11, 9, 11, 11, 15, 15, 13, 11, 9, 5, 15, 15, 11, 11, 11, 7, 11, 9, 17, 17, 7, 7, 13, 15, 11, 11, 9, 9, 13, 1, 9, 9, 11, 13, 11, 15, 5, 7, 9, 7, 7, 15, 11, 9, 7, 5, 9, 10.740000, 124.280000
18, 10, 12, 4, 8, 14, 14, 14, 12, 12, 12, 14, 8, 16, 12, 8, 10, 10, 12, 14, 12, 16, 10, 14, 12, 14, 12, 14, 14, 12, 10, 12, 14, 10, 10, 12, 8, 16, 8, 16, 12, 12, 12, 16, 16, 14, 16, 10, 12, 12, 10, 10, 12, 12, 12, 10, 12, 12, 16, 16, 14, 12, 10, 6, 16, 16, 12, 12, 12, 8, 12, 10, 18, 18, 8, 8, 14, 16, 12, 12, 10, 10, 14, 2, 10, 10, 12, 14, 12, 16, 6, 8, 10, 8, 8, 16, 12, 10, 8, 6, 10, 11.740000, 146.760000
19, 11, 13, 5, 9, 15, 15, 15, 13, 13, 13, 15, 9, 17, 13, 9, 11, 11, 13, 15, 13, 17, 11, 15, 13, 15, 13, 15, 15, 13, 11, 13, 15, 11, 11, 13, 9, 17, 9, 17, 13, 13, 13, 17, 17, 15, 17, 11, 13, 13, 11, 11, 13, 13, 13, 11, 13, 13, 17, 17, 15, 13, 11, 7, 17, 17, 13, 13, 13, 9, 13, 11, 19, 19, 9, 9, 15, 17, 13, 13, 11, 11, 15, 3, 11, 11, 13, 13, 13, 17, 7, 9, 11, 9, 9, 17, 13, 11, 9, 7, 11, 12.720000, 170.680000
20, 12, 12, 6, 10, 16, 16, 16, 14, 14, 14, 16, 10, 18, 14, 10, 12, 12, 14, 16, 14, 18, 12, 16, 14, 16, 14, 16, 16, 14, 12, 14, 16, 12, 12, 14, 10, 18, 10, 18, 14, 14, 14, 18, 18, 16, 18, 12, 14, 14, 12, 12, 14, 14, 14, 12, 14, 14, 18, 18, 16, 14, 12, 8, 16, 18, 14, 14, 14, 10, 14, 12, 20, 20, 10, 10, 16, 18, 14, 12, 12, 12, 16, 4, 12, 12, 14, 14, 14, 18, 8, 10, 12, 10, 10, 18, 14, 12, 10, 8, 12, 13.660000, 195.400000
21, 13, 13, 7, 11, 17, 17, 17, 15, 15, 15, 17, 11, 19, 15, 11, 13, 13, 15, 17, 15, 19, 13, 17, 15, 17, 15, 17, 17, 15, 13, 15, 17, 13, 13, 15, 11, 17, 11, 19, 15, 15, 15, 19, 19, 17, 19, 13, 15, 15, 13, 13, 15, 15, 15, 13, 15, 15, 19, 19, 17, 15, 13, 9, 17, 19, 13, 15, 15, 11, 15, 13, 21, 21, 11, 11, 17, 17, 15, 13, 13, 13, 17, 5, 13, 13, 15, 15, 15, 19, 9, 11, 13, 11, 11, 19, 15, 13, 9, 9, 13, 14.580000, 221.320000
22, 14, 14, 8, 12, 18, 18, 18, 16, 16, 16, 18, 12, 20, 16, 12, 14, 14, 16, 18, 16, 20, 14, 18, 16, 18, 16, 18, 18, 16, 14, 16, 18, 14, 14, 16, 12, 18, 12, 18, 16, 16, 16, 20, 20, 18, 20, 14, 16, 16, 14, 14, 16, 16, 16, 14, 16, 16, 20, 20, 18, 16, 14, 10, 18, 20, 14, 16, 16, 12, 16, 14, 22, 22, 12, 12, 18, 18, 16, 14, 14, 14, 18, 6, 14, 14, 16, 16, 16, 20, 8, 12, 14, 12, 10, 18, 16, 14, 10, 10, 14, 15.500000, 249.160000
23, 15, 15, 9, 13, 19, 19, 19, 17, 17, 17, 19, 13, 21, 17, 13, 15, 15, 17, 19, 17, 21, 15, 19, 17, 19, 17, 19, 19, 17, 15, 17, 19, 15, 15, 17, 13, 19, 13, 17, 17, 15, 17, 19, 21, 19, 21, 15, 17, 17, 15, 15, 17, 17, 17, 15, 15, 17, 21, 21, 19, 17, 15, 11, 19, 21, 15, 17, 15, 13, 17, 15, 23, 23, 13, 13, 19, 19, 17, 15, 15, 15, 19, 7, 15, 13, 15, 17, 17, 21, 9, 13, 15, 11, 11, 19, 17, 15, 11, 11, 15, 16.340000, 276.040000
24, 16, 14, 10, 14, 20, 20, 20, 18, 18, 18, 20, 14, 22, 18, 14, 16, 16, 18, 20, 18, 22, 14, 18, 18, 20, 18, 20, 20, 18, 16, 18, 20, 16, 14, 18, 14, 20, 14, 18, 16, 16, 16, 20, 22, 20, 22, 16, 18, 18, 16, 16, 18, 18, 18, 16, 16, 16, 22, 22, 20, 18, 14, 12, 18, 22, 16, 18, 16, 14, 18, 16, 24, 22, 14, 14, 20, 20, 18, 16, 16, 16, 20, 8, 16, 14, 16, 18, 18, 22, 10, 12, 16, 12, 12, 20, 18, 16, 12, 12, 16, 17.120000, 302.320000
25, 17, 15, 11, 15, 21, 19, 21, 17, 19, 19, 21, 15, 23, 17, 15, 15, 17, 19, 21, 19, 23, 15, 19, 19, 21, 17, 21, 21, 19, 17, 19, 21, 17, 13, 17, 15, 21, 15, 19, 17, 17, 15, 21, 21, 19, 23, 15, 19, 19, 17, 15, 19, 19, 19, 17, 17, 17, 23, 23, 21, 17, 15, 13, 19, 23, 15, 17, 17, 15, 19, 17, 23, 23, 15, 13, 21, 19, 19, 17, 17, 17, 21, 9, 17, 13, 17, 19, 19, 23, 9, 13, 17, 13, 13, 21, 19, 17, 11, 13, 17, 17.700000, 323.240000
26, 18, 16, 12, 16, 22, 20, 22, 18, 20, 20, 20, 16, 22, 18, 14, 14, 18, 20, 20, 18, 22, 16, 18, 20, 20, 16, 22, 22, 18, 18, 20, 22, 16, 12, 18, 16, 22, 16, 20, 18, 18, 16, 20, 22, 20, 24, 16, 20, 18, 18, 16, 20, 20, 20, 18, 18, 16, 24, 24, 20, 18, 16, 14, 20, 24, 14, 18, 18, 14, 20, 16, 24, 24, 16, 14, 22, 20, 18, 18, 18, 18, 20, 10, 16, 14, 18, 20, 20, 24, 10, 12, 18, 14, 14, 22, 20, 16, 12, 14, 16, 18.180000, 340.760000
27, 19, 17, 13, 17, 23, 19, 23, 19, 19, 21, 19, 15, 23, 19, 13, 15, 19, 21, 21, 19, 23, 17, 19, 21, 21, 15, 23, 23, 19, 19, 21, 23, 17, 13, 17, 15, 23, 17, 21, 19, 19, 17, 21, 23, 21, 25, 15, 21, 19, 19, 17, 21, 19, 21, 19, 19, 15, 25, 23, 19, 19, 17, 15, 21, 23, 15, 17, 19, 15, 21, 17, 25, 25, 17, 15, 23, 21, 19, 17, 19, 19, 19, 11, 15, 13, 19, 21, 19, 25, 11, 11, 17, 15, 15, 23, 21, 15, 11, 15, 17, 18.700000, 361.160000
28, 20, 16, 14, 18, 24, 18, 24, 20, 20, 22, 20, 16, 22, 18, 14, 14, 20, 22, 20, 20, 24, 18, 20, 22, 22, 16, 22, 24, 20, 20, 22, 24, 16, 14, 16, 16, 24, 18, 22, 20, 20, 16, 20, 24, 20, 26, 14, 20, 20, 20, 18, 20, 20, 22, 20, 20, 14, 26, 24, 20, 20, 18, 16, 22, 22, 14, 18, 20, 14, 20, 18, 26, 24, 18, 16, 24, 22, 20, 18, 18, 20, 20, 12, 14, 14, 20, 22, 20, 26, 12, 12, 16, 16, 16, 24, 20, 16, 10, 14, 18, 19.160000, 379.600000
29, 19, 17, 15, 17, 23, 19, 25, 21, 21, 23, 21, 17, 23, 17, 15, 15, 21, 23, 21, 21, 23, 17, 21, 23, 23, 17, 23, 25, 21, 21, 21, 25, 17, 15, 17, 17, 25, 19, 21, 21, 19, 17, 21, 23, 21, 27, 15, 21, 21, 21, 19, 21, 21, 21, 21, 21, 15, 27, 25, 21, 21, 19, 15, 23, 23, 15, 19, 19, 15, 21, 17, 27, 25, 17, 17, 25, 23, 21, 19, 17, 19, 21, 13, 15, 15, 19, 21, 19, 27, 13, 11, 17, 17, 15, 25, 21, 15, 9, 15, 19, 19.680000, 400.600000
30, 20, 18, 16, 18, 22, 18, 26, 22, 22, 22, 20, 16, 22, 18, 16, 14, 22, 24, 20, 20, 24, 16, 20, 24, 24, 16, 24, 26, 22, 22, 22, 24, 18, 14, 18, 18, 24, 20, 22, 20, 18, 18, 20, 22, 20, 26, 14, 22, 22, 22, 18, 22, 22, 22, 20, 22, 16, 28, 24, 20, 22, 20, 16, 22, 24, 14, 18, 18, 16, 22, 18, 28, 24, 18, 16, 24, 24, 22, 18, 18, 18, 22, 12, 16, 14, 20, 20, 20, 28, 14, 12, 16, 16, 14, 26, 20, 16, 10, 16, 20, 19.840000, 407.520000
31, 21, 19, 15, 19, 23, 19, 25, 23, 21, 21, 19, 15, 23, 19, 17, 15, 21, 23, 21, 21, 25, 15, 21, 25, 25, 15, 23, 27, 23, 23, 21, 25, 19, 15, 17, 17, 23, 21, 23, 19, 19, 17, 21, 23, 19, 27, 15, 21, 23, 21, 19, 21, 21, 21, 19, 23, 17, 27, 25, 21, 21, 19, 17, 23, 23, 15, 19, 17, 17, 23, 19, 27, 23, 17, 15, 23, 25, 23, 17, 17, 19, 21, 13, 15, 15, 21, 19, 21, 27, 13, 13, 15, 15, 13, 27, 19, 15, 11, 17, 21, 19.920000, 410.840000
32, 22, 18, 14, 18, 24, 18, 24, 22, 20, 22, 20, 16, 24, 18, 16, 14, 20, 22, 20, 22, 24, 14, 20, 26, 26, 14, 22, 26, 22, 24, 22, 26, 18, 14, 16, 18, 22, 20, 22, 18, 18, 18, 20, 22, 18, 28, 16, 22, 24, 22, 20, 20, 20, 22, 18, 22, 18, 26, 24, 20, 20, 18, 16, 22, 22, 14, 18, 16, 18, 22, 20, 28, 22, 16, 16, 22, 26, 22, 16, 18, 18, 22, 12, 14, 14, 22, 20, 20, 28, 14, 12, 16, 16, 12, 26, 20, 14, 10, 16, 22, 19.660000, 402.040000
33, 21, 17, 15, 17, 25, 17, 25, 21, 21, 21, 19, 17, 25, 19, 15, 13, 19, 23, 19, 21, 23, 15, 21, 25, 25, 13, 23, 25, 21, 23, 21, 25, 17, 15, 17, 19, 21, 21, 21, 19, 17, 19, 21, 21, 19, 29, 15, 23, 23, 23, 21, 21, 19, 23, 19, 23, 19, 27, 23, 19, 19, 17, 15, 23, 21, 13, 17, 17, 17, 23, 21, 29, 23, 15, 17, 21, 25, 23, 15, 19, 17, 21, 13, 13, 13, 23, 21, 21, 27, 15, 13, 17, 15, 11, 25, 19, 15, 11, 15, 21, 19.600000, 399.880000
34, 20, 18, 16, 16, 24, 16, 26, 22, 20, 22, 18, 18, 26, 20, 16, 12, 18, 22, 20, 22, 24, 16, 20, 24, 24, 14, 22, 24, 20, 24, 22, 26, 18, 14, 16, 18, 22, 22, 22, 18, 16, 18, 22, 20, 18, 30, 14, 22, 24, 22, 20, 22, 18, 24, 20, 24, 18, 26, 22, 20, 18, 18, 16, 22, 20, 14, 16, 16, 18, 22, 20, 28, 22, 14, 18, 20, 26, 22, 16, 20, 18, 20, 14, 12, 12, 24, 20, 22, 26, 14, 12, 16, 14, 10, 26, 20, 14, 10, 14, 22, 19.480000, 396.480000
35, 19, 17, 17, 15, 25, 15, 25, 21, 21, 21, 17, 19, 27, 19, 15, 13, 19, 21, 21, 23, 25, 15, 19, 23, 23, 13, 23, 23, 19, 25, 21, 25, 17, 13, 15, 17, 21, 23, 21, 17, 15, 19, 21, 21, 19, 29, 15, 21, 23, 21, 19, 21, 19, 25, 19, 23, 17, 25, 23, 19, 17, 17, 17, 21, 19, 15, 15, 17, 17, 21, 19, 29, 21, 13, 17, 21, 25, 21, 15, 19, 17, 19, 15, 13, 13, 23, 19, 23, 25, 13, 11, 17, 13, 9, 25, 19, 13, 11, 13, 21, 19.100000, 381.800000
36, 18, 16, 16, 14, 24, 16, 24, 20, 20, 20, 16, 18, 26, 20, 14, 12, 20, 20, 20, 22, 24, 16, 20, 24, 22, 12, 22, 22, 18, 24, 22, 24, 16, 12, 14, 16, 22, 22, 22, 16, 16, 20, 20, 20, 20, 30, 16, 20, 22, 20, 20, 22, 18, 26, 20, 22, 18, 26, 22, 20, 16, 16, 18, 20, 18, 14, 16, 16, 16, 22, 18, 30, 22, 12, 16, 20, 24, 20, 14, 18, 16, 20, 14, 12, 12, 22, 20, 22, 24, 12, 10, 16, 14, 8, 24, 18, 12, 10, 14, 22, 18.720000, 368.720000
37, 17, 15, 15, 15, 25, 17, 23, 21, 21, 19, 15, 17, 25, 21, 13, 13, 19, 19, 19, 21, 25, 15, 19, 23, 21, 11, 21, 21, 17, 25, 23, 23, 15, 11, 13, 15, 21, 23, 21, 15, 15, 19, 19, 19, 19, 29, 15, 19, 21, 19, 19, 21, 17, 27, 19, 21, 19, 25, 21, 19, 15, 15, 17, 19, 19, 13, 17, 15, 15, 23, 17, 31, 21, 13, 15, 19, 23, 19, 13, 19, 15, 19, 13, 11, 11, 21, 21, 21, 25, 11, 9, 15, 15, 9, 25, 17, 11, 9, 13, 21, 18.200000, 351.000000
38, 16, 16, 14, 14, 26, 16, 22, 22, 20, 18, 14, 16, 24, 20, 12, 12, 18, 18, 18, 20, 26, 16, 18, 22, 20, 10, 20, 20, 18, 26, 22, 22, 16, 10, 12, 16, 22, 24, 22, 14, 14, 18, 18, 18, 18, 30, 14, 18, 20, 18, 20, 20, 18, 26, 18, 20, 18, 24, 20, 18, 14, 14, 16, 18, 20, 12, 18, 14, 14, 22, 16, 30, 20, 14, 14, 20, 22, 20, 12, 20, 16, 18, 14, 12, 12, 20, 20, 20, 26, 12, 8, 16, 14, 8, 26, 16, 10, 10, 12, 20, 17.800000, 337.360000
39, 15, 15, 13, 13, 25, 15, 21, 21, 19, 17, 13, 17, 25, 19, 11, 13, 19, 17, 17, 19, 25, 15, 17, 23, 19, 9, 19, 19, 17, 27, 21, 21, 15, 9, 11, 17, 21, 25, 21, 13, 13, 17, 17, 17, 17, 29, 13, 17, 19, 17, 19, 19, 17, 25, 17, 19, 17, 25, 19, 17, 13, 13, 15, 17, 19, 11, 17, 13, 13, 21, 15, 29, 19, 13, 13, 19, 21, 19, 11, 19, 17, 17, 13, 11, 11, 19, 19, 19, 27, 11, 9, 15, 13, 7, 25, 15, 9, 9, 11, 19, 17.040000, 312.040000
40, 14, 14, 12, 12, 24, 14, 20, 20, 18, 16, 12, 18, 24, 18, 10, 12, 18, 16, 18, 18, 26, 14, 16, 22, 20, 8, 18, 18, 16, 28, 20, 20, 14, 8, 10, 18, 20, 24, 20, 12, 12, 16, 16, 18, 16, 30, 12, 16, 18, 16, 18, 18, 16, 24, 18, 18, 16, 24, 18, 16, 12, 12, 14, 16, 18, 10, 16, 12, 12, 20, 14, 30, 18, 12, 12, 18, 22, 18, 10, 18, 18, 16, 12, 10, 10, 18, 18, 18, 26, 10, 8, 14, 12, 6, 24, 14, 8, 8, 10, 18, 16.280000, 289.040000
41, 13, 13, 13, 11, 23, 13, 19, 19, 17, 15, 11, 19, 23, 19, 9, 11, 17, 15, 17, 17, 25, 13, 17, 21, 19, 7, 17, 17, 15, 27, 19, 19, 13, 7, 9, 17, 21, 23, 19, 13, 11, 15, 15, 17, 15, 31, 11, 15, 17, 15, 17, 17, 15, 23, 17, 19, 17, 23, 17, 15, 11, 11, 13, 17, 17, 9, 15, 11, 11, 19, 13, 29, 17, 11, 11, 17, 21, 17, 9, 17, 17, 15, 11, 11, 9, 17, 19, 17, 25, 9, 7, 15, 11, 5, 25, 13, 7, 7, 11, 17, 15.580000, 267.560000
42, 14, 12, 12, 10, 22, 12, 18, 18, 16, 14, 10, 18, 22, 20, 8, 10, 16, 14, 16, 16, 24, 12, 16, 20, 18, 6, 16, 16, 14, 26, 18, 18, 12, 8, 8, 18, 20, 22, 20, 12, 12, 14, 14, 16, 14, 30, 10, 14, 16, 14, 18, 16, 14, 22, 16, 18, 16, 22, 18, 14, 10, 10, 12, 16, 16, 8, 14, 10, 10, 18, 12, 28, 16, 10, 10, 16, 20, 16, 8, 18, 16, 14, 10, 10, 8, 16, 18, 16, 24, 8, 6, 14, 10, 4, 24, 12, 6, 6, 10, 16, 14.760000, 242.880000
43, 13, 11, 11, 9, 21, 11, 17, 17, 17, 13, 9, 19, 21, 19, 7, 9, 15, 13, 15, 15, 23, 11, 15, 19, 17, 5, 15, 15, 13, 25, 17, 17, 11, 7, 7, 17, 19, 23, 19, 11, 11, 13, 13, 15, 13, 31, 9, 13, 15, 13, 17, 15, 13, 21, 15, 19, 15, 21, 17, 13, 9, 9, 11, 15, 15, 7, 13, 9, 9, 17, 11, 27, 15, 9, 9, 15, 19, 15, 7, 17, 15, 13, 9, 9, 9, 15, 17, 15, 25, 7, 5, 13, 9, 3, 23, 11, 5, 5, 11, 15, 13.920000, 220.200000
44, 12, 10, 10, 8, 20, 10, 16, 16, 16, 12, 8, 18, 20, 18, 6, 8, 14, 12, 14, 14, 22, 10, 14, 18, 16, 4, 14, 14, 12, 24, 16, 16, 10, 6, 6, 16, 18, 22, 18, 10, 10, 12, 12, 14, 12, 30, 8, 12, 14, 12, 16, 14, 12, 20, 14, 20, 14, 20, 16, 12, 8, 8, 10, 14, 14, 6, 12, 8, 8, 16, 10, 26, 14, 8, 8, 14, 18, 14, 6, 16, 14, 12, 8, 8, 8, 14, 16, 14, 24, 6, 4, 12, 8, 2, 22, 10, 4, 4, 10, 14, 12.940000, 194.120000
45, 11, 9, 9, 7, 19, 9, 15, 15, 15, 11, 7, 17, 19, 17, 5, 7, 13, 11, 13, 13, 21, 9, 13, 17, 15, 3, 13, 13, 11, 23, 15, 15, 9, 5, 5, 15, 17, 21, 17, 9, 9, 11, 11, 13, 11, 29, 7, 11, 13, 11, 15, 13, 11, 19, 13, 19, 13, 19, 15, 11, 7, 7, 9, 15, 13, 5, 11, 7, 7, 15, 9, 25, 13, 7, 7, 13, 17, 13, 5, 15, 13, 11, 7, 7, 7, 13, 15, 13, 23, 5, 3, 11, 7, 1, 21, 9, 3, 3, 9, 13, 11.960000, 169.800000
46, 10, 8, 8, 6, 18, 8, 14, 14, 14, 10, 6, 16, 18, 16, 4, 6, 12, 10, 12, 12, 20, 8, 12, 16, 14, 2, 12, 12, 10, 22, 14, 14, 8, 4, 4, 14, 18, 20, 16, 8, 8, 10, 10, 12, 10, 28, 6, 10, 12, 10, 14, 12, 10, 18, 12, 18, 12, 18, 14, 10, 6, 6, 8, 14, 12, 4, 10, 6, 6, 14, 8, 24, 12, 6, 6, 12, 16, 12, 4, 14, 12, 10, 6, 6, 6, 12, 14, 12, 22, 4, 2, 10, 6, 0, 20, 8, 2, 2, 8, 12, 10.980000, 147.560000
47, 9, 7, 7, 5, 17, 7, 13, 13, 13, 9, 5, 15, 17, 15, 3, 5, 11, 9, 11, 11, 19, 7, 11, 15, 13, 1, 11, 11, 9, 21, 13, 13, 7, 3, 3, 13, 17, 19, 15, 7, 7, 9, 9, 11, 9, 27, 5, 9, 11, 9, 13, 11, 9, 17, 11, 17, 11, 17, 13, 9, 5, 5, 7, 13, 11, 3, 9, 5, 5, 13, 7, 23, 11, 5, 5, 11, 15, 11, 3, 13, 11, 9, 5, 5, 5, 11, 13, 11, 21, 3, 1, 9, 5, -1, 19, 7, 1, 1, 7, 11, 9.980000, 126.600000
48, 8, 6, 6, 4, 16, 6, 12, 12, 12, 8, 4, 14, 16, 14, 2, 4, 10, 8, 10, 10, 18, 6, 10, 14, 12, 0, 10, 10, 8, 20, 12, 12, 6, 2, 2, 12, 16, 18, 14, 6, 6, 8, 8, 10, 8, 26, 4, 8, 10, 8, 12, 10, 8, 16, 10, 16, 10, 16, 12, 8, 4, 4, 6, 12, 10, 2, 8, 4, 4, 12, 6, 22, 10, 4, 4, 10, 14, 10, 2, 12, 10, 8, 4, 4, 4, 10, 12, 10, 20, 2, 0, 8, 4, -2, 18, 6, 0, 0, 6, 10, 8.980000, 107.640000
49, 7, 5, 5, 3, 15, 5, 11, 11, 11, 7, 3, 13, 15, 13, 1, 3, 9, 7, 9, 9, 17, 5, 9, 13, 11, -1, 9, 9, 7, 19, 11, 11, 5, 1, 1, 11, 15, 17, 13, 5, 5, 7, 7, 9, 7, 25, 3, 7, 9, 7, 11, 9, 7, 15, 9, 15, 9, 15, 11, 7, 3, 3, 5, 11, 9, 1, 7, 3, 3, 11, 5, 21, 9, 3, 3, 9, 13, 9, 1, 11, 9, 7, 3, 3, 3, 9, 11, 9, 19, 1, -1, 7, 3, -3, 17, 5, -1, -1, 5, 9, 7.980000, 90.680000
50, 6, 4, 4, 2, 14, 6, 10, 10, 10, 6, 2, 14, 14, 12, 0, 2, 8, 6, 8, 8, 16, 4, 8, 12, 10, -2, 8, 8, 6, 18, 10, 10, 4, 0, 0, 10, 14, 16, 12, 4, 4, 6, 6, 8, 6, 24, 2, 6, 8, 6, 10, 8, 6, 14, 10, 14, 8, 14, 10, 6, 2, 2, 4, 10, 8, 0, 6, 2, 2, 10, 4, 20, 8, 2, 2, 8, 12, 8, 0, 10, 8, 6, 2, 2, 4, 8, 10, 8, 18, 0, -2, 6, 2, -4, 16, 4, -2, -2, 4, 8, 7.060000, 76.920000
51, 5, 3, 3, 1, 13, 7, 9, 9, 9, 5, 1, 13, 13, 11, -1, 1, 7, 5, 7, 7, 15, 3, 7, 11, 9, -3, 7, 7, 5, 17, 9, 9, 3, -1, -1, 9, 13, 15, 11, 3, 3, 5, 5, 7, 5, 23, 1, 5, 7, 5, 9, 7, 5, 13, 9, 13, 7, 13, 9, 5, 1, 1, 3, 9, 7, -1, 5, 1, 1, 9, 3, 19, 7, 1, 1, 7, 11, 7, -1, 9, 7, 5, 1, 1, 3, 7, 9, 7, 17, -1, -3, 5, 1, -5, 15, 5, -3, -3, 3, 7, 6.100000, 64.200000
52, 4, 2, 2, 2, 12, 6, 8, 8, 8, 4, 0, 12, 12, 10, -2, 0, 6, 4, 6, 6, 14, 2, 6, 10, 8, -4, 6, 6, 4, 16, 8, 8, 4, -2, -2, 8, 12, 14, 10, 2, 4, 4, 4, 6, 4, 22, 0, 4, 6, 4, 8, 6, 4, 12, 8, 12, 6, 12, 8, 4, 0, 0, 2, 8, 6, -2, 4, 0, 0, 8, 2, 18, 6, 0, 0, 6, 10, 6, -2, 8, 6, 6, 0, 0, 2, 6, 8, 6, 16, -2, -4, 4, 0, -6, 14, 4, -4, -4, 2, 6, 5.180000, 53.480000
53, 3, 1, 1, 3, 11, 5, 7, 7, 7, 3, 1, 11, 11, 9, -3, -1, 5, 3, 5, 5, 13, 1, 5, 9, 9, -5, 5, 5, 3, 15, 7, 7, 3, -3, -3, 7, 11, 13, 9, 1, 3, 3, 3, 5, 3, 21, -1, 3, 5, 3, 9, 5, 3, 11, 7, 11, 7, 11, 7, 3, -1, -1, 1, 7, 5, -3, 3, -1, -1, 9, 1, 17, 5, -1, -1, 5, 9, 5, -3, 7, 5, 5, -1, -1, 1, 5, 7, 5, 15, -3, -5, 3, -1, -7, 13, 3, -3, -5, 1, 5, 4.320000, 45.240000
54, 2, 2, 0, 2, 10, 4, 6, 6, 6, 2, 2, 10, 10, 10, -4, -2, 6, 2, 4, 4, 12, 0, 4, 8, 8, -6, 4, 4, 2, 14, 8, 6, 2, -4, -4, 6, 10, 12, 8, 0, 4, 2, 2, 4, 2, 20, -2, 2, 4, 2, 8, 4, 2, 10, 6, 10, 6, 10, 8, 2, -2, -2, 0, 6, 4, -4, 2, -2, -2, 8, 0, 16, 4, 0, -2, 6, 8, 4, -4, 6, 4, 4, -2, 0, 2, 4, 6, 4, 14, -4, -6, 2, -2, -8, 12, 2, -4, -6, 0, 4, 3.540000, 39.080000
55, 3, 1, -1, 1, 9, 3, 5, 5, 7, 1, 1, 9, 9, 9, -5, -3, 5, 1, 3, 3, 11, -1, 3, 7, 9, -7, 3, 3, 1, 13, 9, 5, 1, -5, -5, 5, 9, 13, 7, -1, 3, 1, 1, 3, 1, 19, -3, 3, 5, 1, 7, 3, 1, 9, 5, 9, 5, 9, 9, 1, -1, -3, -1, 5, 3, -3, 1, -3, -3, 7, 1, 15, 3, -1, -3, 5, 9, 5, -5, 5, 3, 3, -3, -1, 1, 3, 5, 3, 13, -5, -7, 1, -3, -9, 11, 1, -3, -7, -1, 3, 2.820000, 35.080000
56, 2, 0, -2, 0, 8, 2, 4, 4, 6, 0, 2, 8, 10, 8, -6, -4, 6, 0, 2, 2, 10, -2, 2, 6, 8, -8, 2, 2, 0, 12, 8, 4, 0, -6, -6, 6, 8, 12, 6, -2, 2, 0, 0, 2, 0, 18, -4, 2, 4, 2, 6, 2, 0, 10, 4, 8, 4, 8, 8, 0, -2, -2, -2, 4, 2, -4, 0, -4, -4, 6, 2, 14, 2, -2, -4, 4, 8, 4, -6, 4, 2, 2, -4, -2, 0, 4, 4, 2, 12, -6, -8, 0, -4, -10, 10, 2, -2, -8, -2, 2, 2.040000, 31.600000
57, 1, -1, -3, -1, 9, 1, 3, 3, 5, -1, 1, 7, 9, 9, -7, -5, 7, 1, 1, 1, 9, -3, 1, 5, 7, -7, 1, 1, -1, 13, 7, 5, -1, -7, -7, 5, 7, 11, 5, -3, 1, 1, 1, 3, 1, 19, -5, 1, 3, 3, 5, 3, 1, 9, 3, 7, 3, 7, 9, -1, -3, -3, -3, 3, 1, -3, -1, -3, -5, 5, 1, 13, 1, -3, -5, 5, 7, 3, -7, 3, 1, 1, -3, -3, -1, 3, 3, 1, 13, -5, -9, -1, -5, -9, 9, 1, -3, -7, -3, 3, 1.540000, 30.280000
58, 0, -2, -4, -2, 8, 0, 2, 2, 4, -2, 0, 6, 10, 8, -8, -6, 6, 0, 0, 0, 8, -4, 0, 6, 8, -8, 0, 0, -2, 12, 6, 4, 0, -8, -8, 6, 6, 10, 4, -4, 0, 0, 2, 4, 2, 18, -6, 0, 2, 2, 4, 4, 0, 8, 4, 6, 2, 8, 8, 0, -2, -4, -4, 2, 0, -4, -2, -2, -6, 4, 2, 12, 0, -2, -6, 4, 8, 2, -6, 2, 2, 0, -4, -4, -2, 2, 2, 2, 14, -6, -8, 0, -6, -10, 8, 0, -4, -8, -4, 2, 1.000000, 29.760000
59, 1, -3, -3, -3, 7, 1, 1, 1, 3, -3, -1, 5, 9, 9, -9, -7, 7, 1, -1, 1, 7, -5, 1, 5, 7, -9, -1, -1, -3, 13, 7, 3, -1, -9, -7, 5, 5, 9, 3, -3, -1, -1, 1, 5, 1, 19, -7, -1, 1, 1, 3, 3, 1, 7, 3, 5, 3, 7, 7, -1, -1, -5, -5, 1, 1, -5, -3, -3, -7, 3, 1, 13, -1, -3, -7, 3, 7, 3, -7, 3, 1, -1, -5, -5, -1, 1, 1, 1, 13, -7, -9, -1, -7, -11, 7, -1, -5, -7, -3, 1, 0.480000, 30.360000
60, 0, -4, -4, -4, 8, 2, 0, 0, 4, -4, -2, 4, 10, 8, -10, -8, 8, 2, -2, 0, 6, -6, 2, 4, 8, -10, -2, -2, -4, 12, 8, 2, 0, -10, -6, 4, 4, 10, 4, -2, 0, 0, 0, 6, 0, 18, -8, -2, 0, 2, 2, 2, 0, 6, 2, 4, 4, 8, 6, 0, -2, -6, -6, 0, 0, -6, -2, -4, -6, 2, 0, 14, -2, -4, -8, 4, 8, 4, -6, 4, 2, -2, -6, -6, 0, 0, 0, 0, 12, -6, -10, 0, -6, -12, 6, -2, -4, -6, -4, 0, 0.200000, 32.080000
61, -1, -5, -5, -5, 7, 3, 1, 1, 5, -3, -1, 3, 9, 7, -11, -9, 9, 3, -3, -1, 5, -7, 1, 3, 9, -11, -1, -3, -5, 13, 9, 1, -1, -11, -7, 3, 5, 9, 3, -1, -1, -1, -1, 7, -1, 19, -7, -3, 1, 1, 1, 1, -1, 7, 3, 3, 5, 9, 5, 1, -1, -7, -7, -1, 1, -5, -1, -5, -7, 1, -1, 15, -3, -3, -7, 5, 7, 5, -7, 3, 1, -3, -5, -5, -1, 1, -1, -1, 13, -5, -11, -1, -7, -11, 5, -1, -3, -7, -5, -1, 0.000000, 34.680000
62, -2, -4, -6, -6, 6, 4, 2, 0, 4, -2, -2, 4, 8, 6, -12, -8, 8, 4, -4, 0, 4, -8, 0, 4, 10, -10, -2, -2, -6, 12, 10, 2, -2, -10, -6, 2, 4, 8, 4, 0, -2, -2, 0, 6, -2, 18, -6, -4, 2, 2, 0, 0, -2, 6, 4, 2, 4, 8, 6, 0, -2, -6, -6, -2, 0, -6, -2, -4, -8, 2, 0, 16, -4, -4, -6, 4, 8, 4, -6, 2, 0, -4, -4, -4, -2, 0, 0, 0, 14, -4, -10, -2, -8, -10, 4, 0, -4, -8, -4, -2, -0.140000, 33.400000
63, -1, -5, -7, -5, 5, 5, 1, 1, 3, -3, -3, 5, 9, 7, -11, -9, 7, 3, -3, -1, 3, -7, 1, 3, 9, -9, -3, -1, -5, 13, 9, 3, -3, -11, -5, 1, 3, 7, 3, -1, -1, -3, -1, 5, -1, 19, -5, -5, 1, 1, -1, -1, -3, 5, 5, 3, 5, 9, 5, 1, -1, -7, -5, -1, 1, -7, -3, -3, -7, 1, -1, 15, -5, -3, -5, 3, 9, 3, -5, 3, 1, -5, -5, -3, -3, -1, 1, -1, 13, -3, -11, -1, -9, -9, 5, -1, -5, -9, -3, -1, -0.220000, 32.920000
64, -2, -6, -8, -4, 6, 6, 0, 0, 2, -2, -4, 4, 10, 8, -12, -10, 6, 4, -2, -2, 4, -6, 0, 2, 10, -10, -4, 0, -6, 14, 10, 2, -4, -10, -4, 0, 4, 8, 2, -2, 0, -2, -2, 6, 0, 18, -4, -6, 0, 2, -2, 0, -2, 6, 6, 2, 6, 10, 4, 2, 0, -8, -4, -2, 2, -6, -4, -2, -6, 2, 0, 14, -4, -4, -6, 2, 10, 2, -6, 4, 2, -4, -4, -4, -4, 0, 2, -2, 14, -4, -10, 0, -10, -8, 6, -2, -6, -8, -2, -2, -0.140000, 35.000000
65, -3, -5, -7, -3, 5, 7, -1, 1, 3, -1, -3, 5, 9, 9, -13, -9, 5, 5, -1, -3, 3, -5, 1, 1, 9, -11, -3, 1, -5, 15, 11, 1, -5, -9, -3, 1, 3, 7, 1, -3, 1, -3, -1, 7, -1, 19, -3, -5, 1, 1, -1, 1, -1, 5, 5, 1, 7, 11, 5, 3, -1, -7, -3, -1, 1, -5, -5, -1, -5, 3, 1, 13, -3, -3, -7, 3, 9, 3, -7, 3, 1, -3, -5, -3, -5, -1, 3, -1, 13, -3, -11, 1, -11, -7, 5, -1, -5, -7, -3, -3, 0.040000, 34.120000
66, -4, -4, -6, -4, 6, 8, 0, 2, 4, -2, -2, 6, 10, 10, -12, -10, 4, 6, 0, -2, 2, -4, 0, 2, 10, -10, -4, 0, -6, 14, 10, 2, -6, -10, -2, 2, 4, 8, 2, -2, 2, -4, -2, 8, -2, 20, -2, -4, 2, 0, -2, 2, 0, 4, 6, 0, 6, 12, 4, 2, -2, -6, -2, 0, 2, -4, -6, 0, -4, 4, 0, 12, -2, -2, -6, 2, 10, 4, -6, 2, 2, -2, -6, -2, -4, 0, 4, 0, 14, -4, -12, 2, -10, -8, 6, 0, -4, -6, -4, -2, 0.340000, 35.240000
67, -5, -3, -5, -5, 7, 9, -1, 1, 3, -1, -1, 7, 9, 11, -11, -9, 5, 5, 1, -1, 3, -3, 1, 1, 9, -11, -3, 1, -5, 13, 9, 3, -5, -9, -1, 1, 5, 7, 3, -1, 3, -3, -1, 9, -1, 21, -1, -3, 1, 1, -1, 3, -1, 3, 7, 1, 5, 13, 3, 3, -1, -7, -1, -1, 3, -3, -5, 1, -3, 5, -1, 13, -1, -1, -7, 3, 11, 5, -7, 1, 1, -1, -5, -1, -3, -1, 5, 1, 15, -3, -11, 1, -11, -7, 7, -1, -5, -5, -3, -1, 0.720000, 35.320000
68, -4, -2, -6, -6, 8, 10, 0, 2, 2, -2, 0, 8, 10, 12, -10, -8, 4, 6, 2, 0, 4, -4, 0, 2, 10, -10, -2, 2, -4, 14, 10, 4, -6, -8, -2, 2, 4, 8, 4, 0, 2, -2, 0, 10, -2, 22, 0, -2, 2, 2, 0, 2, -2, 4, 6, 2, 6, 12, 4, 2, 0, -8, -2, 0, 4, -2, -4, 0, -4, 4, 0, 14, 0, -2, -8, 4, 12, 6, -8, 2, 2, 0, -4, 0, -2, 0, 6, 2, 16, -2, -12, 2, -10, -8, 6, 0, -4, -4, -2, 0, 1.160000, 38.160000
69, -3, -3, -5, -7, 9, 11, -1, 1, 1, -3, 1, 9, 11, 13, -9, -7, 3, 7, 3, -1, 5, -3, 1, 3, 11, -9, -1, 3, -3, 15, 11, 5, -5, -7, -1, 3, 3, 9, 3, 1, 3, -1, -1, 11, -1, 23, 1, -3, 3, 3, -1, 3, -1, 5, 5, 3, 7, 11, 5, 3, 1, -9, -3, -1, 5, -1, -5, 1, -3, 3, -1, 15, 1, -3, -9, 5, 13, 7, -7, 3, 3, 1, -3, 1, -3, 1, 7, 1, 17, -1, -11, 1, -9, -9, 7, 1, -3, -3, -1, 1, 1.620000, 41.640000
70, -2, -2, -6, -8, 10, 12, 0, 2, 2, -2, 2, 8, 12, 14, -8, -8, 4, 8, 4, 0, 6, -4, 0, 2, 10, -8, 0, 2, -2, 16, 12, 4, -4, -6, -2, 4, 4, 10, 2, 2, 2, 0, 0, 10, 0, 24, 2, -2, 4, 4, 0, 4, 0, 6, 6, 4, 6, 10, 6, 4, 2, -8, -2, 0, 6, -2, -4, 2, -2, 2, 0, 14, 2, -4, -8, 6, 14, 8, -6, 4, 2, 0, -2, 2, -2, 0, 8, 2, 18, 0, -10, 2, -8, -8, 8, 2, -2, -2, 0, 2, 2.160000, 43.360000
71, -1, -3, -5, -7, 9, 13, 1, 3, 3, -1, 1, 9, 13, 15, -7, -7, 3, 9, 5, 1, 7, -3, -1, 1, 11, -9, 1, 3, -3, 17, 11, 5, -3, -5, -1, 5, 5, 11, 1, 3, 3, -1, -1, 11, 1, 25, 3, -3, 5, 5, 1, 5, 1, 7, 7, 5, 7, 11, 7, 5, 3, -7, -1, 1, 7, -3, -3, 3, -3, 3, -1, 15, 3, -3, -7, 7, 15, 7, -5, 5, 1, 1, -1, 3, -1, 1, 9, 3, 17, 1, -9, 3, -7, -7, 9, 1, -1, -1, 1, 3, 2.760000, 46.920000
72, 0, -2, -4, -6, 8, 14, 2, 4, 4, 0, 2, 10, 14, 16, -6, -6, 4, 10, 6, 2, 8, -2, 0, 0, 12, -8, 0, 4, -2, 18, 12, 6, -2, -4, 0, 6, 6, 12, 2, 4, 2, 0, -2, 10, 2, 26, 4, -2, 6, 4, 0, 6, 2, 8, 8, 6, 8, 12, 8, 6, 4, -6, 0, 2, 8, -2, -2, 4, -2, 4, 0, 16, 4, -2, -6, 8, 16, 8, -6, 4, 2, 0, 0, 4, 0, 0, 8, 4, 18, 2, -8, 4, -6, -6, 8, 2, 0, 0, 2, 2, 3.460000, 51.320000
73, 1, -1, -3, -5, 7, 15, 1, 5, 5, 1, 3, 9, 15, 17, -5, -5, 5, 11, 7, 3, 9, -1, 1, 1, 13, -7, 1, 5, -3, 19, 13, 5, -3, -3, 1, 5, 7, 13, 3, 3, 3, 1, -3, 11, 3, 27, 5, -1, 7, 5, 1, 7, 3, 9, 9, 5, 7, 11, 9, 7, 5, -5, 1, 3, 7, -1, -1, 5, -1, 5, 1, 15, 3, -1, -5, 9, 17, 9, -5, 3, 3, 1, 1, 3, 1, 1, 9, 5, 19, 3, -7, 5, -5, -5, 9, 3, 1, 1, 3, 3, 4.120000, 55.560000
74, 2, 0, -2, -4, 8, 16, 2, 6, 6, 2, 4, 10, 16, 18, -4, -4, 6, 12, 8, 4, 10, 0, 2, 2, 14, -6, 2, 6, -2, 20, 14, 6, -2, -2, 2, 6, 8, 14, 4, 4, 4, 2, -2, 12, 2, 28, 6, 0, 8, 4, 2, 8, 4, 10, 10, 6, 8, 12, 10, 8, 6, -4, 2, 4, 8, 0, 0, 6, 0, 6, 2, 14, 4, 0, -4, 10, 18, 10, -4, 4, 4, 2, 2, 4, 2, 2, 10, 6, 20, 2, -6, 6, -4, -4, 10, 4, 2, 2, 4, 4, 5.040000, 63.760000
75, 3, 1, -1, -3, 9, 17, 3, 7, 5, 3, 5, 11, 17, 19, -3, -3, 7, 13, 9, 5, 11, 1, 3, 3, 15, -7, 3, 7, -1, 21, 15, 7, -3, -1, 3, 7, 9, 15, 5, 5, 5, 3, -1, 13, 3, 29, 7, 1, 9, 5, 3, 9, 5, 11, 11, 7, 9, 13, 11, 9, 7, -3, 3, 5, 9, 1, 1, 7, 1, 7, 3, 15, 5, 1, -3, 11, 19, 11, -3, 5, 5, 1, 3, 5, 3, 3, 9, 7, 21, 3, -5, 7, -3, -3, 11, 5, 3, 3, 5, 5, 5.940000, 74.440000
76, 4, 2, 0, -2, 10, 18, 4, 8, 6, 4, 6, 12, 18, 20, -2, -2, 8, 14, 10, 6, 12, 2, 4, 4, 16, -6, 4, 8, 0, 22, 16, 8, -2, 0, 2, 8, 10, 16, 6, 6, 6, 4, 0, 14, 4, 30, 8, 2, 10, 6, 4, 10, 6, 12, 12, 8, 10, 14, 12, 8, 8, -2, 4, 6, 10, 2, 2, 8, 2, 8, 4, 16, 4, 2, -2, 12, 20, 12, -2, 6, 6, 2, 4, 6, 4, 4, 10, 8, 22, 4, -4, 8, -2, -2, 12, 6, 4, 4, 6, 6, 6.880000, 86.640000
77, 5, 3, 1, -1, 11, 19, 5, 9, 7, 5, 7, 13, 19, 21, -1, -1, 9, 15, 11, 7, 13, 3, 5, 5, 17, -5, 5, 9, 1, 23, 17, 9, -1, 1, 3, 9, 11, 17, 7, 7, 7, 5, 1, 15, 5, 31, 9, 3, 11, 7, 5, 11, 7, 13, 13, 9, 11, 15, 13, 9, 9, -1, 5, 7, 11, 3, 3, 9, 3, 9, 3, 17, 5, 3, -1, 13, 21, 13, -1, 7, 7, 3, 5, 7, 5, 5, 9, 9, 23, 5, -3, 9, -1, -1, 13, 7, 5, 5, 7, 7, 7.840000, 100.840000
78, 6, 4, 2, 0, 12, 20, 6, 10, 8, 6, 8, 14, 20, 22, 0, 0, 10, 16, 12, 8, 14, 4, 6, 6, 18, -4, 6, 10, 2, 24, 18, 10, 0, 2, 4, 10, 12, 18, 8, 8, 8, 6, 2, 16, 6, 32, 10, 4, 12, 8, 6, 12, 8, 14, 14, 10, 12, 16, 14, 10, 10, 0, 6, 8, 12, 4, 4, 10, 4, 10, 4, 18, 6, 4, 0, 14, 22, 14, 0, 8, 8, 4, 6, 8, 6, 6, 10, 10, 24, 6, -2, 10, 0, 0, 14, 8, 6, 6, 8, 8, 8.840000, 117.520000
79, 7, 5, 3, 1, 13, 21, 7, 11, 9, 7, 9, 15, 21, 23, 1, 1, 11, 17, 13, 9, 15, 5, 7, 7, 19, -3, 7, 11, 3, 25, 19, 11, 1, 3, 5, 11, 13, 19, 9, 9, 9, 7, 3, 17, 7, 33, 11, 5, 13, 9, 7, 13, 9, 15, 15, 11, 13, 17, 15, 11, 11, 1, 7, 9, 13, 5, 5, 11, 5, 11, 5, 19, 7, 5, 1, 15, 23, 15, 1, 9, 9, 5, 7, 9, 7, 7, 11, 11, 25, 7, -1, 11, 1, 1, 15, 9, 7, 7, 9, 9, 9.840000, 136.200000
80, 8, 6, 4, 2, 14, 22, 8, 12, 10, 8, 10, 16, 22, 24, 2, 2, 12, 18, 14, 10, 16, 6, 8, 8, 20, -2, 8, 12, 4, 26, 20, 12, 2, 4, 6, 12, 14, 20, 10, 10, 10, 8, 4, 18, 8, 34, 12, 6, 14, 10, 8, 14, 10, 16, 16, 12, 14, 18, 16, 12, 12, 2, 8, 10, 14, 6, 6, 12, 6, 12, 6, 20, 8, 6, 2, 16, 24, 16, 2, 10, 10, 6, 8, 10, 8, 8, 12, 12, 26, 8, 0, 12, 2, 2, 16, 10, 8, 8, 10, 10, 10.840000, 156.880000
81, 9, 7, 5, 3, 15, 23, 9, 13, 11, 9, 11, 17, 23, 25, 3, 3, 13, 19, 15, 11, 17, 7, 9, 9, 21, -1, 9, 13, 5, 27, 21, 13, 3, 5, 7, 13, 15, 21, 11, 11, 11, 9, 5, 19, 9, 35, 13, 7, 15, 11, 9, 15, 11, 17, 17, 13, 15, 19, 17, 13, 13, 3, 7, 11, 15, 7, 7, 13, 7, 13, 7, 21, 9, 7, 3, 17, 25, 17, 3, 11, 11, 7, 9, 11, 9, 9, 13, 13, 27, 9, 1, 13, 3, 3, 17, 11, 9, 9, 11, 11, 11.820000, 179.240000
82, 10, 8, 6, 4, 16, 24, 10, 14, 12, 10, 12, 18, 24, 26, 4, 4, 14, 20, 16, 12, 18, 8, 10, 10, 22, 0, 10, 14, 6, 28, 22, 14, 4, 6, 8, 14, 16, 22, 12, 12, 12, 10, 6, 20, 10, 36, 14, 8, 16, 12, 10, 16, 12, 18, 18, 14, 16, 20, 18, 14, 14, 4, 8, 12, 16, 8, 8, 14, 8, 14, 8, 22, 10, 8, 4, 18, 26, 18, 4, 12, 12, 8, 10, 12, 10, 10, 12, 14, 28, 10, 2, 14, 4, 4, 18, 12, 10, 10, 12, 12, 12.800000, 203.360000
83, 11, 9, 7, 5, 17, 25, 11, 15, 13, 11, 13, 19, 25, 27, 5, 5, 15, 21, 17, 13, 19, 9, 11, 11, 23, 1, 11, 15, 7, 29, 23, 15, 5, 7, 9, 15, 17, 23, 13, 13, 13, 11, 7, 21, 11, 37, 15, 7, 17, 13, 11, 17, 13, 19, 19, 15, 17, 21, 19, 15, 15, 5, 9, 13, 17, 9, 9, 15, 9, 15, 9, 23, 11, 9, 5, 19, 27, 19, 5, 13, 13, 9, 11, 11, 11, 11, 13, 15, 29, 11, 3, 15, 5, 5, 19, 13, 11, 11, 13, 13, 13.760000, 229.160000
84, 12, 10, 8, 6, 18, 26, 12, 16, 14, 12, 14, 20, 26, 28, 6, 6, 16, 22, 18, 14, 20, 10, 12, 12, 24, 2, 12, 16, 8, 30, 24, 16, 6, 8, 10, 16, 18, 24, 14, 14, 14, 12, 6, 22, 12, 38, 16, 8, 16, 14, 12, 18, 14, 20, 20, 16, 18, 22, 20, 16, 16, 6, 10, 14, 18, 10, 10, 16, 10, 16, 10, 24, 12, 10, 6, 20, 28, 20, 6, 14, 14, 10, 12, 12, 12, 12, 14, 16, 30, 12, 4, 16, 6, 4, 20, 14, 12, 12, 14, 14, 14.700000, 256.520000
85, 13, 11, 9, 7, 19, 27, 13, 17, 15, 13, 15, 21, 27, 29, 5, 7, 15, 23, 19, 15, 21, 11, 13, 13, 25, 3, 13, 17, 9, 31, 25, 17, 7, 9, 11, 17, 19, 25, 15, 15, 15, 13, 7, 23, 13, 39, 17, 9, 17, 15, 13, 19, 15, 21, 21, 17, 19, 21, 21, 15, 17, 7, 11, 15, 19, 11, 9, 17, 11, 17, 11, 25, 13, 11, 7, 21, 29, 21, 7, 15, 15, 11, 13, 11, 13, 13, 15, 17, 31, 13, 5, 17, 7, 5, 19, 15, 13, 13, 15, 15, 15.560000, 282.840000
86, 14, 12, 10, 8, 20, 28, 14, 18, 16, 14, 16, 22, 28, 30, 6, 8, 16, 24, 20, 16, 22, 12, 14, 14, 26, 4, 14, 16, 10, 32, 26, 18, 8, 10, 12, 16, 20, 24, 16, 16, 16, 14, 8, 24, 14, 40, 16, 10, 18, 16, 14, 20, 16, 22, 22, 18, 20, 22, 22, 16, 18, 8, 10, 16, 20, 12, 10, 18, 12, 18, 12, 26, 14, 12, 8, 22, 30, 22, 8, 16, 16, 12, 14, 12, 14, 14, 16, 18, 32, 14, 6, 18, 8, 6, 20, 16, 14, 14, 16, 16, 16.460000, 311.480000
87, 15, 13, 11, 9, 21, 29, 15, 19, 17, 15, 17, 23, 29, 31, 5, 9, 15, 25, 21, 17, 21, 13, 13, 15, 25, 5, 15, 17, 11, 33, 27, 19, 9, 11, 13, 17, 21, 25, 15, 17, 17, 15, 9, 25, 15, 41, 17, 11, 19, 17, 13, 21, 17, 21, 21, 19, 21, 23, 23, 17, 19, 9, 11, 17, 21, 13, 11, 19, 13, 19, 13, 27, 15, 13, 9, 23, 31, 23, 7, 17, 17, 13, 15, 13, 15, 15, 17, 19, 31, 15, 7, 19, 9, 7, 21, 17, 15, 15, 17, 17, 17.240000, 337.480000
88, 16, 14, 12, 10, 22, 30, 16, 18, 18, 16, 18, 24, 30, 30, 6, 10, 16, 26, 22, 18, 22, 14, 14, 14, 26, 4, 16, 18, 12, 34, 26, 20, 10, 10, 14, 18, 22, 24, 16, 18, 18, 16, 10, 26, 16, 42, 18, 12, 18, 18, 14, 22, 18, 20, 22, 20, 22, 24, 24, 18, 20, 10, 12, 16, 22, 12, 12, 20, 12, 20, 14, 28, 16, 14, 10, 24, 30, 24, 8, 16, 16, 14, 16, 14, 16, 14, 18, 20, 32, 16, 8, 20, 10, 6, 22, 18, 14, 16, 18, 18, 17.880000, 360.240000
89, 17, 15, 11, 11, 23, 31, 17, 19, 19, 17, 19, 25, 31, 29, 7, 9, 15, 27, 23, 19, 23, 15, 15, 15, 27, 5, 17, 19, 13, 35, 25, 21, 11, 9, 13, 19, 23, 25, 15, 17, 19, 17, 11, 27, 17, 43, 19, 13, 19, 19, 15, 23, 17, 21, 23, 21, 23, 25, 25, 19, 21, 11, 13, 17, 23, 13, 13, 21, 13, 19, 15, 29, 17, 15, 9, 23, 31, 25, 9, 17, 17, 15, 17, 15, 17, 15, 17, 21, 31, 17, 7, 21, 11, 5, 23, 19, 15, 17, 19, 19, 18.540000, 385.480000
90, 18, 14, 10, 12, 24, 30, 18, 20, 20, 18, 20, 24, 32, 30, 8, 10, 16, 28, 24, 20, 22, 16, 16, 14, 28, 4, 18, 20, 14, 36, 26, 22, 12, 10, 14, 20, 24, 26, 14, 18, 18, 18, 12, 28, 18, 44, 20, 14, 20, 18, 16, 24, 18, 22, 24, 22, 24, 26, 26, 20, 20, 12, 14, 18, 22, 14, 14, 22, 12, 18, 16, 30, 18, 16, 8, 24, 32, 26, 10, 18, 18, 14, 18, 16, 18, 16, 16, 20, 32, 18, 8, 22, 12, 6, 24, 20, 14, 18, 18, 18, 19.120000, 408.800000
91, 19, 13, 11, 13, 25, 31, 17, 21, 21, 19, 21, 25, 31, 31, 7, 11, 15, 29, 25, 21, 21, 17, 17, 15, 29, 5, 19, 21, 15, 35, 27, 23, 11, 9, 13, 21, 25, 27, 13, 19, 19, 19, 11, 29, 17, 45, 19, 13, 21, 19, 17, 25, 19, 23, 25, 21, 25, 25, 27, 19, 19, 11, 15, 17, 23, 15, 15, 21, 11, 19, 17, 31, 19, 17, 7, 25, 33, 27, 11, 17, 17, 13, 17, 17, 19, 17, 17, 21, 33, 19, 9, 23, 13, 7, 23, 19, 15, 17, 17, 19, 19.480000, 425.320000
92, 20, 14, 10, 14, 26, 32, 16, 20, 22, 20, 22, 24, 30, 32, 8, 12, 14, 30, 26, 20, 22, 18, 16, 14, 30, 4, 20, 22, 14, 36, 28, 22, 12, 10, 14, 22, 26, 28, 14, 18, 20, 18, 10, 30, 18, 44, 20, 12, 22, 20, 16, 26, 18, 22, 26, 22, 26, 24, 28, 20, 18, 10, 16, 18, 22, 16, 14, 22, 12, 20, 18, 30, 20, 18, 6, 26, 34, 28, 12, 18, 16, 12, 16, 18, 18, 18, 16, 22, 32, 20, 10, 24, 14, 6, 22, 18, 16, 16, 18, 20, 19.740000, 437.480000
93, 19, 13, 11, 13, 27, 33, 17, 21, 23, 21, 21, 25, 31, 33, 7, 11, 13, 29, 27, 21, 21, 19, 17, 15, 29, 3, 19, 21, 15, 37, 29, 23, 13, 11, 15, 23, 25, 29, 13, 19, 21, 19, 11, 31, 17, 45, 21, 13, 23, 19, 15, 25, 19, 21, 27, 21, 25, 23, 29, 21, 19, 9, 15, 19, 23, 17, 15, 21, 13, 21, 19, 29, 21, 19, 7, 27, 33, 27, 13, 17, 15, 13, 15, 17, 17, 17, 15, 21, 31, 21, 11, 23, 13, 7, 23, 19, 17, 17, 19, 19, 19.920000, 445.240000
94, 20, 14, 10, 12, 26, 34, 18, 22, 24, 22, 22, 24, 32, 34, 6, 12, 14, 28, 28, 20, 20, 18, 16, 14, 28, 2, 20, 22, 16, 38, 30, 22, 14, 10, 14, 22, 24, 30, 14, 18, 20, 18, 10, 32, 18, 44, 20, 14, 24, 20, 16, 26, 18, 20, 28, 20, 24, 24, 30, 22, 20, 10, 14, 18, 24, 16, 14, 22, 14, 22, 20, 28, 22, 18, 8, 28, 32, 26, 14, 18, 14, 12, 14, 16, 18, 16, 16, 22, 32, 20, 12, 24, 14, 8, 24, 20, 16, 16, 20, 18, 20.020000, 450.840000
95, 19, 13, 9, 13, 27, 33, 19, 23, 25, 21, 21, 25, 31, 35, 5, 13, 13, 29, 29, 19, 21, 19, 17, 15, 27, 3, 19, 23, 17, 39, 31, 23, 13, 9, 15, 23, 25, 31, 15, 17, 21, 17, 9, 31, 19, 43, 19, 15, 25, 21, 17, 27, 19, 21, 27, 21, 23, 25, 31, 21, 21, 11, 13, 17, 25, 17, 15, 23, 15, 23, 21, 27, 23, 17, 9, 27, 33, 27, 13, 19, 15, 11, 13, 15, 19, 17, 15, 23, 33, 21, 11, 23, 13, 7, 23, 19, 15, 15, 21, 19, 20.200000, 460.120000
96, 20, 14, 8, 12, 28, 34, 20, 22, 24, 22, 22, 24, 30, 34, 4, 14, 14, 28, 30, 18, 20, 20, 18, 14, 26, 4, 18, 22, 16, 38, 32, 24, 14, 10, 14, 22, 24, 32, 16, 18, 22, 18, 10, 32, 20, 42, 20, 14, 24, 22, 18, 26, 20, 22, 28, 22, 22, 24, 32, 22, 22, 12, 14, 16, 26, 18, 16, 22, 16, 22, 22, 26, 24, 18, 8, 28, 34, 26, 12, 20, 14, 10, 12, 16, 20, 16, 14, 22, 34, 20, 12, 22, 12, 8, 24, 20, 14, 14, 22, 18, 20.300000, 464.120000
97, 21, 15, 9, 13, 27, 33, 19, 21, 23, 23, 21, 23, 31, 33, 3, 13, 15, 29, 31, 19, 19, 19, 17, 13, 25, 5, 17, 21, 15, 37, 33, 23, 15, 9, 15, 21, 23, 31, 15, 19, 23, 17, 9, 33, 21, 41, 19, 15, 23, 23, 19, 25, 19, 23, 27, 21, 23, 25, 33, 21, 23, 13, 13, 17, 25, 17, 15, 23, 17, 21, 23, 27, 25, 17, 7, 29, 33, 25, 13, 21, 13, 9, 13, 15, 19, 15, 15, 21, 33, 21, 11, 23, 11, 9, 25, 19, 13, 15, 21, 19, 20.180000, 458.840000
98, 20, 16, 10, 12, 28, 32, 18, 20, 22, 24, 22, 24, 30, 34, 2, 12, 14, 28, 30, 18, 20, 20, 16, 12, 26, 6, 18, 22, 14, 38, 34, 24, 14, 8, 14, 20, 24, 30, 14, 18, 24, 16, 8, 34, 20, 40, 18, 14, 22, 22, 20, 24, 18, 24, 28, 20, 22, 24, 32, 22, 22, 12, 12, 16, 26, 16, 16, 22, 18, 20, 24, 26, 24, 18, 6, 30, 32, 24, 12, 20, 12, 10, 12, 14, 18, 14, 16, 22, 34, 20, 12, 24, 10, 8, 24, 20, 14, 14, 20, 18, 19.920000, 451.040000
99, 19, 15, 9, 11, 27, 31, 17, 19, 23, 23, 23, 23, 29, 33, 1, 11, 13, 27, 29, 17, 19, 19, 15, 13, 25, 5, 19, 21, 15, 37, 35, 25, 13, 9, 13, 19, 23, 31, 13, 17, 23, 17, 7, 33, 19, 39, 19, 13, 21, 21, 19, 23, 17, 25, 29, 21, 21, 23, 33, 21, 23, 13, 13, 15, 27, 15, 17, 21, 17, 21, 23, 25, 25, 19, 5, 29, 31, 23, 11, 19, 11, 11, 13, 13, 17, 15, 17, 23, 33, 21, 13, 23, 9, 9, 23, 19, 13, 15, 19, 17, 19.560000, 436.200000
