-0.001092
0.332322
10000
100000
0.500000
0.832490
-0.587808
-0.183382
0.036214
0.382201
0.832039
-0.524592
-0.826259
-0.409815
-0.203355
-0.217104
-0.942595
0.635109
-0.261768
-0.000098
-0.081625
0.186103
-0.428741
-0.283111
-0.705422
0.040515
0.376435
-0.225096
-0.977652
1.770533
-1.528449
-0.227167
-0.248930
-0.198786
0.854185
0.362253
0.000392
0.973503
-0.271468
0.136589
-0.358622
0.448413
-0.465339
0.089196
-0.389681
0.376472
-0.050579
1.158423
-0.416834
0.656851
0.407336
0.252583
0.546548
1.287822
-0.005953
0.545057
0.462435
-0.961492
-0.094008
-0.509394
0.390059
-0.493794
-0.568027
-0.724525
0.368255
0.511003
-0.582661
0.371120
-0.129896
-0.252189
0.157808
-0.711759
0.528608
0.472401
-0.552659
0.384203
0.160287
-0.805927
0.536497
1.676646
0.386204
0.785554
-0.427663
-1.302411
-0.656969
0.437806
0.196837
-0.463686
0.141621
0.626353
-0.958037
-0.977091
-0.625569
1.027152
-0.312144
0.753912
-0.090850
0.608437
0.441380
0.325177
-0.482181
-0.346618
-0.449929
-0.004928
0.637016
0.876350
0.635404
-1.012100
-0.479962
1.593344
0.022841
0.137881
0.293590
-0.429267
-0.656934
0.219196
-0.049430
-0.274660
-0.449510
-0.649408
-0.274720
-0.779633
0.401341
-0.835733
-0.493860
0.463940
-0.366488
0.548978
0.208129
0.258916
-0.512780
0.040175
0.157600
-0.365034
-0.356600
0.250091
-0.570378
0.464476
-0.148269
-0.573315
0.691290
0.851942
-0.748351
-0.123190
-0.711278
0.350919
0.097890
0.753213
-0.023253
-0.074149
0.624134
0.436732
0.395723
-0.092739
-0.861893
0.522341
0.506355
0.204700
-0.371359
0.580528
-0.377138
-0.525528
-0.462002
-0.059073
0.443619
0.588067
0.379205
-0.100014
0.217914
-0.104796
0.095853
-1.612720
-0.652631
0.287198
0.182755
0.612540
-0.278673
-0.394616
-0.315942
-0.174044
-0.177327
-0.743096
-0.587845
1.259166
0.695241
0.279952
-0.516584
0.748961
-0.387188
-0.221130
-0.056171
0.289234
-0.712992
0.708033
0.988538
0.421674
-0.028029
1.510271
0.668376
-0.138916
-0.742460
1.429005
-0.435870
0.221634
0.835338
0.762502
0.440954
0.495986
1.070935
1.210581
1.038900
0.371822
-0.778175
-0.460988
0.050992
-0.670804
0.486875
-0.732503
0.072816
-0.042814
-0.110752
-0.416879
-0.570926
-0.253143
-1.256455
0.096594
-1.294733
0.003815
0.213217
-0.685576
-0.287009
0.607392
0.302415
0.818522
-0.067795
-0.493432
0.867946
-0.553898
-0.381017
0.482510
-0.716739
-0.244715
0.603192
0.809646
0.082534
0.427603
-0.348777
-0.649648
-0.642523
0.355606
0.171017
-0.222555
-0.147895
0.013052
-0.539057
-0.036706
-0.124446
0.244222
0.519941
0.495415
0.366894
0.387900
-0.197227
-0.420018
0.421222
-0.815552
0.532647
-0.121252
0.271800
-0.026881
0.300831
-0.571774
-0.541289
0.423291
0.137659
-1.435007
-0.741543
-0.298111
0.442562
-0.369963
-0.123280
-0.317721
0.212002
-0.782860
-0.576206
-0.381066
-0.260555
-0.476399
1.080206
-0.778649
-0.751662
0.110657
0.454287
0.573018
-0.599285
0.270078
-0.397111
-0.191125
-0.737450
0.125691
1.153070
0.635615
0.867689
-1.012589
0.483132
-0.189005
0.504438
0.298705
0.504586
0.365854
0.509490
0.009725
0.380726
-0.284087
0.230740
-1.402543
0.176255
1.315170
-0.686164
-0.015378
0.134290
-0.542513
-0.195874
-0.360763
0.875866
-0.069418
0.370422
0.833684
0.240544
-0.233953
-0.750725
-0.568179
-0.244450
-0.114800
1.061269
0.581976
-0.372904
0.317554
0.150433
-0.285959
0.370827
0.271647
-0.500415
0.152973
0.435017
0.751950
0.349596
0.171123
-1.669230
-1.017005
-0.301918
-0.121615
-0.030887
-0.432868
0.173970
0.259402
0.775269
-1.012706
-0.125621
1.064342
-0.061960
0.457958
0.445086
-0.545099
-0.558463
-0.236296
-0.603815
0.373929
0.616998
-0.133772
0.159139
0.548864
0.081110
-0.072300
1.638223
-0.232698
-0.383289
-0.613255
-0.065551
-0.513698
-0.676107
0.129433
-0.940221
-0.896842
0.537070
0.037416
-0.606958
-0.212686
0.250007
0.403120
0.355903
-0.341142
1.026145
-0.228800
-0.102415
-0.815619
-0.724353
-0.473714
-0.174553
-0.113014
-0.711558
-0.366414
-0.302573
-0.362222
0.230267
-1.214263
-0.542926
-0.440051
0.817381
-0.301817
0.546365
0.747652
-0.345303
0.906757
-0.263615
-0.182767
0.755188
0.251665
0.344207
-0.165362
-0.580269
0.590153
0.172134
0.028669
-0.169074
-0.155298
-0.835030
-0.306968
0.924273
0.634862
-0.579727
-0.083362
0.113323
0.582531
-0.561295
-0.603695
-1.095874
0.720168
0.016488
0.599480
-0.493149
-0.074958
-0.505059
-0.013042
-0.396822
-0.670813
0.366674
0.397934
-0.035508
0.583418
0.553712
-0.738153
-1.064468
0.391805
0.024303
0.340779
-0.273828
-1.816093
-0.000725
-0.621624
1.228918
1.038201
0.272744
0.089944
-0.488175
0.011179
0.062436
-0.377042
-0.039268
0.450782
0.679062
-0.967573
0.164477
0.153932
-0.344089
0.168052
-0.172514
-0.554035
0.393800
0.846841
-0.119809
0.106914
-1.104241
-0.360240
0.010336
-0.447670
-0.951171
-0.433481
0.500976
0.870806
-1.292567
0.349151
-0.506937
-0.617918
-0.204282
-0.230414
-0.676896
-0.526057
0.404397
0.519868
0.033508
-0.436821
-0.276407
-0.290170
-0.372450
-0.184668
-0.219774
0.169918
1.224007
-0.297243
-0.798019
0.480919
-0.441250
0.533933
0.188204
1.085913
-0.887453
-0.980164
0.264728
0.647095
-0.245422
-0.070743
0.612312
0.712063
-0.305497
-0.843726
0.588460
0.148095
-1.388914
0.868989
0.797930
0.161015
-0.300095
0.119372
0.253904
0.592149
0.482952
-0.437688
0.204713
-0.535399
0.873429
0.390281
-0.614804
0.550727
0.007729
0.461795
0.522319
0.303029
0.436798
-0.503956
1.109892
-0.205382
0.531239
0.005525
-0.118968
0.494870
0.002150
0.269710
-0.681773
-1.146993
-0.721908
0.140997
-0.107306
-0.831711
-0.859214
-0.848707
-0.225873
0.736771
-1.352332
0.422826
-0.084844
-0.068252
0.514610
-0.820492
-0.234773
1.227781
0.863605
-0.188246
-0.297800
-0.179720
-1.241789
0.531035
0.701546
-1.223562
0.935344
0.232485
0.130557
-0.596159
0.777701
0.520758
0.698247
0.503109
-0.087172
0.432995
0.043580
0.896790
0.732862
0.079976
0.230286
1.234175
-0.499849
-0.328440
0.509130
1.338974
1.271180
-0.277426
0.997895
0.667790
0.239948
0.239225
0.236642
-0.204215
-0.211391
-0.003974
-0.452124
-0.469845
0.954225
0.855644
0.100835
1.130425
0.095177
-0.045852
0.641623
0.252773
0.476856
0.779790
0.486378
-0.617112
-0.701637
0.684111
0.328301
-0.223666
-0.562888
0.027536
-0.293389
1.263071
0.548404
-0.565055
0.640571
0.712776
-0.421114
0.398368
-1.228440
0.144159
0.430757
0.153927
-0.539821
0.763278
0.511037
-0.677308
0.552946
-0.071401
-1.093960
-0.058354
1.277726
-0.505503
-0.061866
0.215593
-0.771338
0.173628
-0.589467
0.438715
0.171507
-0.416064
0.115385
-0.338747
-0.700500
0.466841
-0.072844
0.427366
-0.446580
0.872709
-0.254263
-0.150504
0.895516
-0.643944
0.230914
-0.887348
-0.216338
-0.956404
0.170055
0.168060
-0.460788
0.583279
0.401612
0.002307
-1.144215
0.431680
0.395798
-0.175996
0.152141
0.668801
-0.707699
-0.594202
-0.678481
0.062746
-0.517300
0.470642
0.285671
-1.374834
0.839757
-0.400748
-0.511637
0.547965
0.345691
-0.085575
-0.160866
0.066754
0.046941
-0.605054
0.062241
0.503287
-0.254202
-0.523155
-0.151207
-0.476018
-0.057950
0.253515
0.192212
0.074783
0.508075
0.274438
0.324401
1.304357
0.070916
-0.073561
-0.766709
-1.153666
0.218274
0.385627
0.113623
0.072318
0.321101
-0.264042
1.088222
-0.566774
0.789805
0.069562
-0.516531
-0.037423
0.598784
-1.166955
-0.513917
0.222834
-0.994149
0.170318
-0.728475
-0.317993
0.102051
-0.517746
-0.102557
0.545441
-0.449883
-0.562806
-0.414793
-0.026170
-0.816774
0.483465
1.383240
0.370320
-0.765449
-0.095266
-0.188664
0.563277
0.324167
0.453865
-0.289696
-0.785856
-0.237539
0.450486
-0.414849
0.098686
0.721662
0.015315
-0.004504
-0.068869
-0.264840
-1.068865
0.234347
0.504399
-0.332329
-0.573164
0.928902
0.303420
-0.815230
-0.575330
0.262430
-0.288256
1.105681
-1.325818
0.328348
0.134653
0.980982
0.166042
0.055279
0.331670
1.399495
-0.323053
-0.801757
-0.560572
-0.179307
-0.905223
0.246417
0.240014
-0.129814
0.213871
-0.179214
0.029854
1.015621
-0.065433
-0.329980
-0.363928
0.412734
0.300216
0.109530
-0.650823
-0.076376
0.121516
0.648626
0.149018
0.584669
-0.134142
0.194895
0.623282
-0.119607
-0.116470
0.434298
0.388891
0.183947
0.100057
-1.613564
-0.995586
-1.322896
-0.628768
-0.466578
-0.562088
0.617886
-0.074586
-0.082854
0.202982
-0.837138
-0.556686
-0.439532
-0.464412
-0.459754
0.755538
-0.348872
-0.396405
-0.365370
-0.379582
-0.206059
-0.715847
-0.761558
0.516156
-0.776401
-0.285949
-0.931699
0.141261
-0.535029
0.298452
1.381421
0.282391
-1.031962
-0.166610
0.128640
-0.661558
0.867909
-1.156649
0.197275
-0.313489
-0.145815
0.111388
0.261436
0.518628
1.187165
0.568801
0.820244
-0.904461
0.559495
-0.269608
0.425468
0.165832
0.299261
0.006047
-0.186281
-0.591036
-0.012194
-0.486949
0.841973
1.541730
-0.091941
0.486357
0.113550
0.083548
-0.060569
-1.266180
0.403198
-0.534256
-0.196647
-0.710765
0.214997
0.250629
0.229377
-0.165813
-1.041104
0.176648
-0.894647
-0.248484
-0.027964
0.361109
0.655739
0.457262
-0.694818
0.507397
-0.023081
-0.362775
-0.551840
0.119257
1.688829
0.787355
-1.032492
-0.491173
-0.116061
1.117495
0.865388
-0.340696
-1.050313
0.840443
0.258713
-0.123228
0.396107
0.728124
-0.431300
0.426140
0.005544
0.167598
0.452757
-0.567820
-0.135838
-0.992540
0.278386
-1.169272
0.120570
-0.256921
-0.397918
-1.100941
-1.214624
-0.069978
-0.488677
0.221715
0.529527
0.174243
0.580140
0.355035
-0.553449
-0.477276
1.038549
0.005691
-0.112201
-0.287366
-0.343909
0.464033
-0.484101
-0.280188
-0.241012
0.402177
0.297088
0.385583
-0.516845
-0.429470
0.863776
0.582599
-0.127655
0.222584
0.720736
-0.596997
-0.496290
-0.569579
-1.141788
0.033525
-0.680386
0.124161
-0.282392
-0.545408
0.202572
-1.087485
0.064108
0.201879
-0.428965
-0.287052
-0.041433
1.389121
0.316598
-0.064789
-0.185104
-0.101315
0.782673
-0.385337
-0.638621
0.207527
0.456179
-0.480559
0.319284
-0.169719
-0.070412
-0.208324
0.912723
-0.153367
1.035424
0.391614
-0.265080
0.085345
0.342454
-0.848617
0.394230
-0.270518
0.341830
0.566804
-0.055953
-0.863431
-0.028986
-0.300809
-0.374001
-0.865227
0.022914
0.432459
0.366299
0.655831
0.307729
-0.477267
0.037730
0.087816
-0.214225
0.895377
-0.539830
-0.194035
0.316990
-0.607226
0.721671
-0.009635
0.542844
0.158023
-0.226443
0.520360
-0.381174
0.050246
0.855966
0.888432
0.587927
-0.460775
0.041272
0.402872
-0.090228
-0.221648
0.092066
-1.266389
0.481491
-0.112875
-0.523579
0.012820
0.803949
-0.198141
0.774255
0.258190
0.760572
0.064036
0.318361
-0.725263
-0.078216
0.850240
0.383338
0.403325
0.153604
1.203875
0.141587
0.189198
-0.251192
-0.188576
-0.223516
0.359554
0.576598
-0.095278
0.090663
0.459382
-0.028574
-0.394371
0.930488
0.217867
-0.674646
-0.271518
-0.007157
0.061288
-0.567003
-0.277149
-0.337732
0.490822
-0.083814
-0.817566
-0.190997
1.083831
0.655473
-0.110194
0.653937
-0.077092
0.178990
0.026291
0.531930
-0.201100
-0.602590
0.661799
0.105212
1.073981
0.342185
-0.978169
0.206067
0.326149
0.427738
-0.460420
-0.329141
-0.265954
-0.547219
0.410924
-0.040307
-0.244087
-0.658451
0.842476
-0.657318
0.869116
0.325640
0.471192
-0.385354
-0.439472
0.502732
0.175673
-0.166085
-1.000751
-0.342978
0.374553
0.632968
-0.081469
0.004981
-0.358053
-0.375714
-0.425266
0.714342
-1.108718
-1.062855
-0.805568
1.418164
0.275299
-0.855385
0.142192
-0.474001
-0.919734
0.139047
0.390845
-1.364630
-0.320172
0.166747
0.105105
0.625724
-0.508401
-0.901833
-0.430979
0.263263
-1.653994
-0.328062
-1.082874
-0.625629
-0.242315
-0.059645
0.190402
0.088299
-0.126295
-0.573235
0.097702
0.551481
1.079917
-0.036098
-0.357922
-0.503119
0.366713
0.422847
0.088039
-0.138295
-0.564631
-1.485731
-0.152511
1.420461
0.877104
0.717883
0.452709
-0.113456
0.689934
-0.485260
-0.319262
0.553376
0.624819
0.685860
-0.355365
0.907827
0.351296
-0.639078
-0.318329
0.107640
0.999303
0.721728
0.436686
0.587558
-0.426966
0.481008
0.437688
0.657358
0.588846
0.825942
-0.202144
-0.535583
-0.056837
0.521108
0.567665
0.343408
0.480474
0.328658
-0.670368
0.212487
-0.383945
-0.153258
0.489410
0.736326
-0.224554
0.075927
0.046471
0.273316
-0.621301
-0.110352
-0.722140
0.666023
0.814775
0.314223
-0.028442
-0.797527
-0.748782
0.258903
-0.193290
0.979297
0.000542
-0.914330
-1.366322
-0.591331
-0.844076
0.061291
0.233003
0.062377
0.806035
0.185887
0.193973
-0.136060
-0.658824
-0.305648
-0.435955
-0.199424
-0.365714
-0.047677
1.120440
-0.843187
0.619499
0.829998
0.718536
-0.633443
0.054904
0.833287
0.115686
-0.753390
-0.700705
-0.305351
-0.527797
-0.617525
0.365240
-0.471832
0.471254
1.147625
-1.147573
0.916358
0.351825
0.519799
-0.481570
0.062167
0.645288
-0.344734
0.012530
-0.200009
0.229583
-0.079971
-0.415776
0.524242
0.741526
0.049220
-0.233738
1.030738
-0.076496
0.228727
0.048085
-0.354635
0.988860
0.754667
-0.029935
0.035186
-0.102216
0.012606
0.074515
0.114168
0.424713
-0.049601
0.182255
-0.046195
-0.087608
-0.495561
-0.240917
0.643970
-0.428673
0.843969
0.315171
0.894869
1.110406
1.101437
-0.633739
0.257452
0.988311
1.078757
0.704014
-0.233481
-1.024112
0.580663
-1.309507
-0.123000
-1.000808
-0.235637
-0.343005
-1.369222
-0.537268
-0.552140
0.575006
0.026239
-0.293836
-0.481186
-0.325298
0.977996
0.297403
0.027598
-0.953208
-0.609737
0.268900
0.057305
0.353684
0.411079
-0.536836
0.425975
0.178321
-0.311034
0.581669
0.258130
0.180706
0.822282
0.567008
0.197223
0.226476
0.736410
-0.093778
-1.202982
0.923003
-0.141491
-0.985966
1.008996
0.266137
0.907384
-0.822233
0.072412
-0.478256
0.206972
0.081267
-0.170519
-0.133428
0.983255
-0.362957
0.330127
0.131306
0.018387
-0.439676
0.007667
0.432709
-0.550461
0.298758
-0.062732
0.206978
-0.633946
-0.437646
-0.270990
-0.276371
-0.380190
-0.261038
0.724870
-0.040424
0.344712
-1.279451
-1.498448
-0.223430
-0.177111
0.613263
-0.072367
-0.135084
-0.419696
0.348331
0.698455
0.387908
-0.333486
-0.002884
0.708442
-0.414155
-0.334668
0.428337
0.619926
-1.013999
-0.277691
-0.214182
-0.620165
0.346981
-0.873634
-0.223491
-0.644388
-0.246829
0.295318
-0.755751
0.775739
0.534670
0.062265
0.148618
0.088209
-0.454042
-0.609948
0.977213
0.285263
-1.099152
1.129156
-0.022641
-0.022880
-0.925429
-0.376583
0.299195
0.850117
-0.194740
1.506999
0.398089
0.027608
-0.867301
-0.116034
-0.406048
0.007901
0.715430
0.764099
-0.221888
-0.349669
-0.263176
0.336093
-0.274661
0.777939
0.649590
-0.274712
-0.536744
0.139954
-1.234227
-0.936543
0.957926
-0.415732
0.960435
0.581607
-0.631094
0.201432
-1.426502
0.376284
-0.672092
0.500976
-0.322177
0.794487
0.367127
0.475320
0.087251
-0.175249
-0.797037
0.488061
-0.205527
0.509717
0.458434
-0.594504
0.950919
-0.716662
-0.354075
-0.105389
-0.410524
0.550646
0.399182
0.604154
1.234146
-0.685915
-0.251896
0.598186
-0.356307
-0.026060
0.001326
-0.348108
0.646418
0.932201
-1.164822
-0.399229
0.052652
0.432725
-0.238832
0.595365
0.323189
-0.495667
-0.760140
-0.276242
-0.527072
-0.661946
0.619853
0.264699
-0.411606
0.329725
0.268062
-0.259329
0.253884
0.080311
-0.374605
0.087405
-0.280187
0.200225
-0.941173
0.071358
-0.128000
-0.857310
0.516856
-0.838857
-0.939260
-0.739590
0.821979
-0.237111
0.279963
0.441854
0.435228
0.843204
0.330525
0.645061
-0.284445
0.661771
-0.197950
-0.567767
0.542492
-0.338959
-0.500836
0.397872
-0.598434
0.648396
0.331284
0.071559
-0.477269
-1.185084
0.289362
0.756100
0.209232
-1.174775
0.240548
0.309367
-0.637010
0.116644
0.152163
0.810478
-0.076759
0.161825
0.359974
0.514131
0.156634
0.276398
1.094747
-0.758314
1.403944
0.237102
0.149286
0.201120
0.714978
0.484626
0.398574
-0.773714
-0.752347
-1.080416
-0.951446
-0.297475
-0.277330
-0.603331
-1.191159
0.917571
1.009240
-1.321096
-0.003726
-0.456145
-1.072864
0.609128
-0.067280
0.295902
-0.108727
-0.393666
-0.947448
-0.122229
-0.377401
1.495394
-0.023646
0.750455
0.640436
-0.327506
-0.222045
-0.336032
-0.489412
0.296199
0.530930
0.319554
0.577700
0.337319
-0.584689
0.088429
-0.207270
-1.194754
-0.670645
0.413198
-0.115388
1.622154
-0.073319
0.054993
1.222003
-0.618228
0.457187
0.325220
-0.019649
0.193969
0.049273
-0.096630
0.554263
0.123021
0.507645
-0.254825
0.179350
-0.196026
-0.205882
-0.286214
-0.573198
0.510327
0.563169
-0.749506
0.213661
0.447843
0.184457
0.370321
-0.100523
-0.241242
0.356347
-0.299169
-0.221014
-0.349841
0.169875
0.340696
-0.673866
-0.075828
0.700555
0.603911
0.552839
-0.501507
1.230647
0.343916
0.216769
1.083192
0.074529
-0.884905
-0.538141
0.121294
-0.432673
-0.434854
-0.159211
-0.043280
-0.012970
-0.645494
0.767429
0.516335
-0.014643
0.339993
-0.532155
-0.287241
0.386772
-0.358309
-0.487027
-1.087148
0.125316
0.014249
0.467917
-0.268698
0.086394
0.127422
1.010399
-0.009619
0.474524
-0.319677
-0.880248
0.212705
0.106603
0.873635
-0.374548
0.380644
-0.193173
-0.003995
-0.303467
0.024887
0.510828
0.062107
-0.278260
0.064406
0.255200
-0.135302
0.261788
0.712969
-0.017571
-0.272257
0.180690
0.331154
-0.653592
0.569467
-1.174963
0.708139
0.783031
0.559943
0.135224
0.448814
0.562230
-0.608010
0.559704
-0.300083
-0.059841
-0.122110
0.027589
0.047115
-0.217074
1.014872
0.142069
-0.470420
0.260577
-0.715925
-0.435716
0.231955
0.252298
0.122407
-0.016063
0.293525
-0.294977
-0.347877
0.639980
-0.861347
-0.337106
0.282819
-0.381590
0.681903
0.204105
-0.879178
-0.417647
0.861184
-0.166032
-0.024892
0.204160
0.171176
0.068881
0.000675
0.594645
-0.867025
0.207301
0.831972
0.449662
-0.616810
-0.720559
-0.310531
0.086929
-0.433388
-0.483256
-0.083156
0.677111
-0.926944
-0.258619
0.030532
0.051141
0.654165
-0.509092
0.004222
0.013675
-0.589415
0.482306
-0.499831
1.060906
-0.459873
-0.055211
-0.037789
-0.883662
0.255634
0.026429
-0.079811
-0.233720
-0.400063
-0.016955
-0.896044
0.456286
-0.588425
-0.164276
-0.164206
0.457117
-0.328098
0.043191
-0.191127
0.025679
1.178074
-0.398389
0.622037
0.055786
0.500982
0.845703
-0.125063
0.023314
0.327164
0.211988
-1.134921
0.284766
0.484730
0.095090
0.763761
-0.262020
-0.181780
-0.716243
0.242556
0.842107
-0.761890
-0.032100
-0.526518
-0.124895
-0.033568
-0.060626
0.966800
0.743514
-0.601586
-1.114929
0.098718
-0.424052
-0.560100
-0.327077
-0.125792
0.537099
0.505328
-0.357062
0.598778
0.538753
-0.548865
0.415073
0.719082
0.211356
1.172011
-0.179381
0.009176
1.465654
0.844322
0.795083
0.067932
1.098723
-0.492517
-0.665796
0.257785
-0.207461
0.474209
-1.152598
-0.416560
0.348164
-0.087805
-0.215700
0.207943
-1.204646
0.096455
-0.368859
-0.233378
-0.530731
0.026082
-1.230970
0.565356
0.106449
-0.081468
-0.263670
-0.205636
-0.256903
0.126035
1.072818
-0.003650
-0.034697
0.107923
0.304639
-0.151362
0.040950
0.622179
-0.240475
-0.747051
0.991227
-0.704000
-0.837449
-0.568184
-0.372848
-0.199492
0.067664
1.224077
0.795372
0.468653
-1.163826
0.475487
1.529977
-0.083946
-0.687390
-0.775279
-0.409102
0.324130
-0.329992
0.890759
0.713520
0.006756
-0.409335
0.123308
0.384988
0.904168
-0.694640
-0.902723
-0.311202
-0.048005
0.442819
-0.000643
-0.294848
0.452067
0.309799
-0.899132
-0.750163
0.071486
-0.134318
-0.288603
-0.687605
0.342880
-0.205578
0.885812
0.122273
-0.155407
-0.918014
0.549696
-0.437056
0.216274
-0.775343
-0.854286
-0.862269
-0.203355
0.656230
-0.861351
-0.728610
-0.702928
-0.564271
-0.410805
-0.286098
-0.426524
0.679702
-0.002455
-0.768975
1.092253
0.620910
-0.923191
1.020224
0.172507
0.291194
0.330787
0.084008
-0.305114
0.130648
-0.005096
-0.690228
0.693262
-1.068530
-0.366011
-0.597896
-0.158214
0.127156
-0.510816
-0.081870
-0.808587
0.029594
-0.283028
-0.140475
0.465775
-0.336114
0.065998
-0.117594
0.486804
-0.430395
-0.644318
-0.987210
0.800084
0.611644
0.162719
-0.199244
-0.052241
-1.108669
-0.399380
-0.080608
-0.171956
-0.119598
-0.014121
0.747997
-0.359962
-0.378472
-0.098706
1.466069
0.023808
-0.294095
-0.660728
0.190903
0.573312
0.555710
-0.605346
-0.366068
-1.288702
0.110399
0.561037
-1.038733
-0.102927
-0.460583
0.200286
-0.324320
-0.432015
-0.846237
0.798080
0.145634
0.067794
-1.387876
-0.075855
0.335133
-0.162474
-0.518206
0.255478
1.185977
0.914960
-0.895647
-0.202597
-0.033253
-0.365102
0.302079
-0.595752
-0.735524
0.036596
0.977964
-0.315346
0.088835
0.101394
-0.910659
-0.893079
0.344604
0.258641
0.512853
0.714623
0.059336
-0.566000
-0.507183
-0.753264
0.664955
-0.083763
-0.493359
-0.028045
-0.566580
-0.455494
-0.430614
-0.400542
0.279062
-0.425603
0.130635
0.784545
0.276151
0.275815
-0.879705
-0.150232
0.623085
0.228012
1.241498
0.129229
-0.068104
0.755670
0.445932
0.314597
0.988347
0.060263
0.407756
0.663885
0.090745
0.488574
-0.646995
0.519502
-0.485810
-0.699411
-0.236091
0.130360
0.579365
0.134786
0.321085
0.262442
0.218401
0.925233
-0.098961
0.442763
-0.104439
0.062006
0.810232
-0.780498
-0.439012
-0.526024
0.848583
-0.131395
0.477272
-0.578725
-0.032688
-0.718544
0.784618
0.256444
-0.680734
0.121298
0.728079
-0.675864
-0.716323
0.598701
0.894163
0.123959
-0.306013
1.060840
0.184803
-0.400627
0.220672
1.228557
0.498937
0.113783
-0.645027
-0.364537
0.837829
0.236281
0.342171
0.355016
0.034443
0.694873
0.710056
-0.180659
-0.051173
0.552454
0.009902
-0.671646
-0.115535
-0.409686
1.160154
0.022463
-0.606905
0.604584
0.366272
-0.918385
-0.118293
-0.239700
-1.308269
-0.038310
-0.110481
0.342640
-1.684589
-0.289642
-0.109774
-0.578170
0.256710
-0.534800
0.389305
-0.133978
0.196751
0.162685
-1.144126
0.003255
0.014925
0.040456
-0.279578
-0.068750
-0.024855
-0.535835
-0.913342
0.590513
0.697459
0.522766
0.763369
-0.032580
-0.074045
-0.331111
0.009485
-0.031204
-0.512349
-0.283971
-0.642712
-0.023896
-0.596174
0.745827
-0.360229
0.278129
-0.505977
-0.575861
-0.405797
0.459625
-0.545281
-0.443711
-0.063125
0.592492
-0.132872
1.723610
-0.477050
1.278184
-0.279933
-0.631621
-0.447826
0.280399
-0.036231
-0.535690
1.294785
0.093144
-0.452903
0.463936
1.055082
0.645843
0.499829
0.378834
-0.226283
0.568551
-0.261654
-0.159926
-0.783417
-0.651380
-0.239881
-0.172638
1.009291
0.152177
-0.328302
0.292760
0.720093
1.177280
0.181379
-0.267021
0.749658
0.421877
-0.039424
0.079615
-0.638834
0.500637
-0.210753
-0.085587
-1.100491
-0.185790
-0.354674
0.509365
-0.263458
1.323867
-1.155027
0.181596
-0.129186
0.120956
0.125903
-0.482356
1.127867
-0.864606
-0.385699
-0.356756
-0.368226
-0.010242
0.061717
-1.536826
-0.049479
0.634920
-0.734864
0.576730
0.340498
-0.284831
-0.223069
-0.082852
-0.369472
1.150971
0.585458
0.703239
0.365040
0.636735
-0.101698
0.577289
-0.713413
1.079969
0.013885
-0.538586
0.378953
-0.381338
1.011951
0.111851
0.196756
-0.159899
-0.011445
-0.748365
0.451791
1.246724
-1.223324
-1.222846
-0.238581
-1.718288
0.441840
0.830445
0.919979
-0.566650
-1.088388
0.501212
-0.674350
-0.956924
0.311300
-0.616397
-0.060179
-0.649731
0.722236
0.249949
0.853459
1.776388
-0.372584
-0.218983
-0.095641
-0.714632
-0.092887
0.159746
0.103392
0.501785
0.074498
-0.101226
0.382044
0.446015
-0.536672
-1.105543
-0.291465
-0.580136
0.578421
0.619753
0.551089
0.010796
-0.077529
0.209000
0.880232
-0.444953
-0.053142
-0.224783
-0.607077
-0.544588
0.000372
0.238044
0.739759
1.140748
-0.076215
-0.040497
0.463865
-0.468151
0.477697
0.146391
-0.146967
0.852621
0.650047
0.410988
-0.180344
-0.484986
-0.169830
-0.429671
-0.029947
0.748470
-0.335945
-0.521889
-1.316872
0.407128
0.124963
0.505232
-0.212905
0.196184
0.596881
0.239444
-0.472342
0.146020
0.730527
0.339156
0.356203
-0.789019
-0.076561
-0.448150
-0.121905
0.664142
0.239415
0.038028
0.080846
0.236981
0.618361
0.701411
0.312374
0.805749
-0.454501
-1.228290
0.161664
-0.568234
-0.444756
-0.522368
-0.289649
-0.095619
-0.574132
0.138854
0.135744
0.047348
0.435994
-0.616758
1.220810
-0.658258
-0.267912
-0.583280
0.197196
-0.582884
-0.344672
-0.984177
-0.935253
-0.138770
0.773486
0.674787
-0.487757
-1.384572
-0.889010
0.010001
0.432961
0.074494
0.145320
-0.323631
-0.252218
0.268956
1.039174
0.949797
-0.863959
0.273443
-1.708823
-1.024263
0.321594
-0.543582
0.505461
0.084111
-0.321845
0.230142
-0.022888
0.034473
0.702544
0.588236
0.155829
0.806185
-0.133327
-0.324044
-0.657342
-0.291580
-0.070844
0.524474
0.034770
0.119733
0.124234
-0.919914
-0.207548
-0.229701
0.935341
-0.266259
-0.313378
-0.207038
0.094491
-0.544589
0.360221
0.339482
0.882786
-0.210177
0.862428
0.946509
0.850578
0.409508
-0.027304
-0.016592
-0.182540
-0.146259
0.193429
0.417431
0.610034
-0.508302
-0.059811
0.653423
0.554143
-0.802650
-0.950767
-0.399772
-0.720759
0.186503
0.459053
0.849355
0.523103
-0.967959
-0.760738
-0.142096
-0.185047
0.042565
0.126972
0.202524
0.722517
-0.049712
0.662633
-1.156853
-0.052194
0.336485
-0.894632
1.370985
-0.344666
0.640682
0.242485
-0.481929
-0.628911
-1.173819
-0.106425
1.004744
-0.653252
0.731025
-0.077046
0.492829
0.089443
0.138426
-0.663834
-0.046435
0.304006
-0.519365
0.193483
0.439563
0.520415
0.039568
0.727938
-0.152665
-0.779566
-0.116896
0.025379
-0.369938
-0.260458
0.775146
-0.999187
-0.131351
-0.604519
-0.575728
-0.444021
-0.105415
0.273989
-0.699768
1.520202
0.098131
0.158635
-1.020776
0.739061
0.925730
0.131361
0.798034
1.425752
-0.778352
0.053752
-0.583009
-0.005637
-0.394266
0.484617
0.041141
0.321349
1.861813
-0.460099
0.787622
-0.030521
0.075082
0.428302
0.550190
-0.080072
0.705091
0.147415
-0.008110
-1.142971
0.924984
0.056628
-0.454973
0.467104
0.229894
0.138163
-0.150400
-0.414852
0.420456
0.265481
0.380615
-0.232862
-1.549585
-1.038748
-0.183641
-0.282880
-0.152491
0.597539
-0.070473
0.117625
0.523425
-0.970641
-0.442726
-0.476442
-1.054353
0.911598
1.174964
1.411022
0.482160
-0.600818
-0.341840
0.893106
0.389916
-0.327850
-0.434599
-0.362092
0.585357
0.671942
0.635359
0.198001
-0.091671
0.351098
-0.664496
-0.448406
-1.142238
-0.389838
0.568952
0.447108
0.148753
-0.141780
-0.033718
-0.387793
0.600420
1.212695
-0.041693
1.212708
0.307494
0.315510
-0.071485
-0.567980
-1.391840
0.497599
0.315126
-1.059595
0.265178
0.359959
-0.041975
-0.307002
-0.268070
-0.875783
-0.673258
-1.292821
-0.279565
-0.418526
1.094784
0.379856
-0.366261
0.825012
-0.089260
0.142868
-0.483485
0.170884
0.601485
-0.487645
0.904084
0.045245
0.851702
-0.514167
-0.324346
0.279576
0.049521
0.261782
0.461822
-0.394934
0.254362
0.084646
-0.232906
-0.487711
0.173740
-0.286718
-0.716183
0.662843
-0.289208
1.443525
0.990590
-0.467448
0.215070
0.487621
-1.132752
-0.157422
-0.019908
0.646458
0.087609
0.012532
-0.165913
-0.990947
0.758202
0.756632
-0.626702
-0.506458
0.017474
0.393321
-0.208287
-0.378023
0.027646
-0.445399
0.300658
-0.734056
0.674326
-0.657963
-0.318017
-0.815374
-0.508863
1.171484
-1.580060
-0.042986
0.273545
0.541669
-0.139966
0.131139
0.125738
-0.235690
-0.295304
0.630779
-0.650779
0.307336
-0.084323
-0.947199
-0.765995
-0.575476
-0.215500
-0.103035
0.741131
0.366612
0.281698
-1.475528
-0.442691
-0.418970
-0.286030
-0.198845
-0.228494
0.156416
0.844391
0.353180
0.120122
0.107839
-0.604377
-0.429854
0.658541
0.365197
-0.739104
-0.435632
-0.335759
-0.202081
-0.804674
0.246866
1.203960
0.220804
-0.158960
-0.092441
-0.153539
-0.726401
-0.402302
-0.602603
-1.177940
0.490230
0.726382
-0.582559
0.643170
-0.455812
0.103714
-0.644223
-0.177039
-0.028341
-0.067249
-0.059051
0.407101
-0.715088
0.339391
-0.059910
0.137142
-0.459750
-0.323406
0.436207
-0.493546
0.217652
0.420007
-0.293982
0.369936
-0.177373
0.187630
0.192437
-0.858376
0.024804
-0.833439
0.543101
-0.687872
0.056373
0.832971
-1.432344
1.256441
0.964944
-0.464147
-0.182289
1.944648
0.711926
-1.132986
-0.399132
0.666241
0.263886
1.316335
-0.271249
0.185456
0.587537
-0.325448
-0.682770
-0.061687
0.422950
0.890518
-0.177333
0.386672
0.585976
-0.033380
-0.625372
-0.246652
0.369779
-1.237394
-0.275096
-0.057092
0.203873
-0.505622
0.310748
-0.021824
-0.691170
0.071454
1.089260
0.092258
0.569167
-0.485042
-0.863098
1.358639
-1.164889
-0.766411
0.140838
0.095672
-1.090623
-0.879095
0.118807
-0.199536
-0.071151
0.156071
-0.531782
-0.028198
1.415125
-0.164035
0.416077
-0.334652
1.008781
-0.150608
-0.609722
0.920700
-1.258609
0.935018
-0.069930
-0.277145
-1.490914
0.667902
-0.019850
-0.498461
1.058494
-0.150864
-1.174921
0.377137
-0.972928
-0.452336
0.613025
0.904118
-0.988709
-0.303361
0.042671
-0.239762
-0.833032
-0.118505
-0.203094
-0.534927
-0.131263
0.658382
0.698385
1.190932
-0.147237
-0.135249
-0.389139
-0.664736
0.319658
-1.411295
0.319992
0.529052
0.208897
-0.435542
-0.883635
0.140311
-0.582353
-1.029598
0.734660
-0.008989
-0.077930
-1.084679
0.576521
-0.510150
1.262854
0.326776
0.859321
0.623160
-0.554964
0.165016
-0.367106
-0.022436
0.757725
-0.474524
0.814779
-0.141949
-0.007762
-0.135965
0.020678
-0.015629
1.027540
-0.699895
0.231030
0.631341
0.364759
-0.196721
-0.494037
-0.135535
0.510784
-0.973180
-0.593795
0.877025
-0.530376
0.052300
-0.367630
0.278022
-0.321685
-0.442324
0.694831
0.569500
-0.470259
-1.230048
-0.666272
-0.825815
0.546912
0.177298
0.433391
-1.027807
0.400983
0.512601
0.647871
-0.771176
-0.182765
0.360000
-0.045582
-0.406143
0.170681
0.564207
0.344043
-1.371335
-0.731311
0.939927
0.368065
-0.096168
-0.253853
0.151672
-0.555641
0.383147
0.042953
0.493231
0.770411
-0.068270
-0.013123
0.753961
0.162063
0.152425
-0.154909
-0.295933
-1.096052
0.193259
-0.208801
-0.513571
0.015807
-1.288813
-1.082140
0.207035
0.924498
-0.313079
0.290259
-0.123377
-0.463208
0.438156
0.363227
-0.238659
0.314103
-0.473211
-0.645795
-0.569232
0.237115
0.388692
0.732933
0.572735
-0.704094
0.375864
0.794655
-0.095789
1.429409
0.383914
0.251177
0.348598
-0.633751
0.092505
0.388229
-0.287029
0.925427
-0.080400
0.015811
0.051020
-0.243294
-1.154378
0.525704
0.016194
-0.408115
-0.278071
-0.039936
1.295840
-0.924093
0.778635
-0.546281
0.221821
-0.547104
0.521469
0.139152
0.259411
-0.141105
-0.106003
1.574156
0.140290
0.506371
0.379956
0.574988
0.538377
0.520719
-0.611763
0.742994
-0.215536
0.854884
0.566049
0.618879
0.806971
0.420526
0.182814
-0.026940
-0.319913
-0.883261
-0.210397
-0.577218
0.123166
0.060100
-0.125125
-0.407767
0.082407
-0.756895
-0.522730
-0.611095
1.009348
-0.245641
0.727858
0.483413
0.345520
0.169647
-1.618020
0.637702
-0.489321
0.703577
0.007435
0.447721
-1.013110
0.428976
0.453495
0.027782
-0.088339
-0.590026
-0.198367
0.657732
-0.049357
-0.134936
-0.081365
0.856576
-1.035093
0.519010
0.527799
0.490347
0.218141
-0.006073
-0.435501
0.728521
0.046554
0.308499
-1.195268
0.928361
0.189959
0.523478
-0.145324
-0.268244
0.373113
0.597336
-1.046865
0.061928
0.792632
-0.009456
-0.644568
0.715683
0.197528
-0.819182
0.232287
-0.269626
-0.250820
0.027468
-0.250468
-0.617093
0.394033
0.102389
-0.197278
0.179748
-0.785173
0.272113
0.359840
0.515093
0.396090
-0.670525
-0.006637
0.150936
-0.652026
-0.483972
0.412630
-0.474118
0.028002
0.177969
0.345668
0.002247
-0.066190
0.045431
-0.611861
0.051849
0.677046
0.385368
-0.156988
-0.233373
0.264617
0.150010
0.120074
0.746399
-0.023690
0.512136
1.137376
0.562193
0.966225
0.425980
0.432851
0.190015
0.370299
-0.345043
-0.786286
0.025008
0.270869
-1.302552
1.591439
-0.084929
-0.535577
0.771139
-0.807998
0.109612
-0.994766
-0.679423
0.486558
-0.419231
0.198413
-0.234137
0.125372
0.314287
0.004066
0.814517
-0.253364
0.014704
0.707013
-0.154331
0.388514
0.361690
-0.107508
-0.117769
-0.086999
1.267111
0.103013
-1.475515
-0.289863
0.482179
-0.000467
0.112334
-0.130841
0.219360
-0.366006
0.310884
0.810722
0.421025
-0.215689
-1.166304
-0.715726
-0.396986
0.145259
-0.040480
-0.233290
0.423378
-1.085169
-0.746844
-0.079088
-0.333205
-1.144050
1.076821
0.902631
0.678912
-0.947399
-0.537853
0.150206
0.565266
0.141283
0.198538
0.503554
-0.172032
0.576880
-0.048296
0.110729
-0.733871
0.606049
-0.027194
-0.641713
0.042182
0.258386
0.463405
0.657772
0.110987
0.332714
-0.354634
-1.522113
-0.270171
-1.086191
0.509820
0.147335
-0.330257
0.043573
0.695329
-0.670498
0.220381
0.786105
0.400034
-0.215296
0.405795
-1.044596
0.386434
0.254357
-0.616303
0.018918
0.072534
0.780267
-0.095212
-0.534842
0.403338
-0.332462
-0.626833
-0.669128
0.701654
0.554439
0.438680
0.053558
-0.837208
0.280518
-0.206199
0.387483
-0.711684
-0.639623
-0.705884
-1.002450
-0.142442
-0.130243
-0.269257
-0.991565
0.012250
0.308693
0.199942
-0.150685
-0.575072
0.385635
0.184285
0.635238
-0.760681
-0.319410
0.103232
-0.123461
-0.218662
0.681905
0.268612
-0.177852
-0.153440
-0.057520
-0.976870
-0.508562
-1.189556
-0.550830
0.299774
0.867368
-1.138676
-0.020263
0.188286
-0.528601
-0.069950
-1.113647
-0.660928
-0.179118
0.818150
-1.077753
-1.313655
0.440969
-0.510147
-0.199522
-0.137015
0.800583
-0.503183
-0.708792
0.055138
-0.221620
-0.127886
-0.618274
0.207566
-0.361878
-0.434253
-0.407554
0.278402
0.110353
-0.212410
-0.091652
-0.669504
-0.262284
-0.833700
-0.804360
0.061300
0.149212
-1.301158
0.659100
-1.186562
-0.617960
-0.877325
0.310415
-0.653911
-0.348191
-0.475198
-0.251624
-1.103469
-0.638617
-0.269948
0.754596
0.120060
0.152588
0.785157
-0.339959
-0.414949
-0.515207
0.557452
0.133465
0.529952
1.121461
0.561229
-0.538376
1.219781
-0.628705
0.280977
-0.321578
0.919716
0.617262
-0.237174
0.389307
-0.394294
0.105363
0.525815
-1.024474
0.144699
0.309514
-0.152768
0.248953
-0.009213
-0.715457
-0.498532
0.108311
0.042825
-0.540574
-0.780145
-0.757954
0.178538
0.193503
1.059316
0.594023
-0.230732
0.306802
0.042744
-0.010602
0.048350
0.448164
0.158799
-0.164784
-0.278816
0.886683
0.000695
-0.432978
-0.256214
-0.546361
-0.604680
-1.155710
1.108564
0.664420
-0.378327
-0.095623
0.185311
-0.489677
0.663955
0.308984
-0.625212
0.731772
0.294943
-0.008517
0.971097
0.506650
0.368773
-0.688231
0.032013
-0.272781
-0.152956
0.636290
-0.048176
0.036192
0.176149
-0.809710
0.099366
0.035481
0.682561
0.462324
0.306706
0.462532
-0.571978
-0.953917
-0.008725
-0.371833
0.522199
0.172654
-0.154882
-0.219182
0.332164
0.605370
0.067166
-0.054489
-0.299551
0.046709
0.131067
-0.311161
-0.507722
0.558784
0.333925
-0.490676
-0.358802
0.619377
0.459507
-0.122620
-1.041808
-0.253735
-0.322370
-0.444414
0.466824
0.593827
0.352475
-0.195969
-0.721434
-0.227888
-0.001814
0.446535
-0.334922
-1.130232
-0.537130
0.009422
0.814623
-0.094632
0.003280
0.450128
-0.331972
0.690522
-0.721682
1.112096
-0.608476
0.405968
-0.294556
0.404853
0.889415
-0.244081
-0.408892
0.212061
0.739520
0.893971
-0.479857
1.327585
0.109230
-0.026847
-0.226333
-0.035190
-0.134596
-0.425714
-0.633261
0.575333
0.233368
-0.473245
-1.117370
-0.575424
-1.060808
0.654962
-0.471041
0.834471
0.695350
0.084038
1.352523
-0.128015
0.910885
-0.248497
0.758395
0.824409
0.522296
-0.074258
0.338039
-0.370908
-0.393075
-0.714007
-0.097663
-0.477445
-0.174769
-0.404984
0.199898
-0.363572
0.222388
-0.347130
1.075012
0.103748
-0.536303
-0.185977
-0.340534
0.499050
0.559834
-0.686150
-0.582320
-0.111316
-0.817301
0.441264
-0.300238
-1.386390
-0.148824
0.067263
0.348873
-0.155159
-0.312463
0.576792
-0.693046
0.792667
-0.664745
-0.042303
0.818788
0.073346
-0.121009
-0.168408
-0.182727
0.242318
-1.283110
-0.315374
-0.653661
-0.588086
1.073184
0.210131
0.036024
0.289883
-0.227657
0.246690
0.483792
0.856490
0.279743
-0.304316
0.750140
-1.278050
0.049724
-0.927644
0.035275
-0.965769
-0.564810
-0.056283
0.284883
0.105055
-0.287371
0.161787
0.221915
0.726676
0.872742
0.425527
0.571559
0.432242
-0.285758
0.511214
-0.388569
0.194198
-0.151759
0.676563
0.921377
0.042232
-0.149816
-0.856510
0.131144
1.187657
0.363470
-0.124346
-0.272135
-0.351349
0.138276
0.395978
0.105906
-0.582261
-0.612955
-0.046317
-0.466870
-0.860456
-0.087069
0.016296
-0.579659
0.203136
0.184950
-1.173256
0.773666
0.204812
0.430849
0.083414
0.951167
-0.299108
-0.704964
-0.010229
1.863007
0.800115
1.009137
0.852254
-0.442948
-0.013584
0.556198
-0.669922
-0.073536
-0.097563
0.528794
0.106500
0.020042
-0.040332
-0.548365
-0.261948
-0.017386
0.831323
-0.127503
-0.469915
-0.397076
0.376290
-0.663488
0.373666
-0.181090
0.768867
-0.181689
0.479437
0.601349
-0.121525
-0.017998
-0.043088
-0.253383
-0.391317
0.160442
-0.163420
-0.256028
-0.241749
0.306968
0.625628
0.109151
0.632858
0.208305
0.829690
0.249020
-0.778336
-0.138505
-0.465162
0.736428
-0.650210
-0.393063
0.030654
-0.279652
-0.027394
-0.348239
-0.146846
0.058558
0.723729
-0.040226
-0.178333
0.247188
-0.620318
0.510003
0.758791
0.070976
0.755434
-0.442563
-0.169012
0.247751
-0.087907
-0.322281
0.642080
-0.610796
0.159452
-0.465631
0.242229
-0.089736
0.700768
0.455394
-0.954563
-1.739495
0.175967
-0.441012
0.237177
-0.581839
-0.490570
1.301233
-0.001156
-0.447187
0.349729
0.136123
-0.177109
0.566896
-0.252971
0.128535
-0.454480
0.160354
-0.537298
-0.741691
0.071616
-0.183019
0.182672
0.637763
0.161788
0.082093
0.425523
-0.344972
-0.174214
0.675683
0.385843
0.209194
0.520105
0.300936
-0.435433
0.424147
-1.114463
0.022768
-1.165988
-0.152202
0.655826
0.180715
0.824759
-0.183479
-0.426374
0.119398
1.563822
0.061558
0.331569
-0.288585
0.424220
-0.072724
-0.367603
0.216898
-0.893396
-0.151897
-0.631615
0.302630
0.946667
0.166901
0.613094
-0.742505
0.593286
1.153282
1.093960
0.108833
-0.312701
0.542022
-0.151758
-0.443563
0.504391
-0.312433
0.743618
0.048674
0.127405
-0.299891
-0.681578
-0.316527
-0.193303
0.802812
0.701868
0.588847
-0.669574
-1.310781
0.135297
0.055151
-0.734797
0.025340
-0.261891
0.133696
-0.520966
-0.554081
-0.672877
1.127204
0.200587
-1.019005
-0.938258
-0.096217
0.823805
0.345211
-0.562280
-0.918806
-0.348719
-0.492306
0.775243
-0.491902
-0.278680
-1.137582
0.084514
-0.135133
0.079696
0.227000
0.386100
1.035385
-0.401878
0.350449
0.672496
1.294691
0.640373
0.452757
0.340999
-0.360729
0.199328
0.690100
-0.948666
-0.717958
0.141111
-0.000227
0.643635
0.315698
-0.014155
-0.551119
-0.527583
-0.457723
0.567827
-0.483842
-0.184625
-0.225952
0.039872
0.483286
-0.277720
0.381701
-0.126767
0.003989
-0.239423
1.309700
-0.263094
0.571954
-0.529571
0.607161
1.192608
-1.141025
-0.357600
-0.553760
-0.031142
-0.340817
0.710204
0.310424
0.525535
0.217488
-0.211262
0.200513
0.053696
-1.346102
-0.006521
0.760080
-0.422087
-0.194008
-0.035430
-0.803125
0.223905
1.179751
1.102525
-0.307433
1.339879
0.113585
-0.899111
-0.678874
0.263180
-0.159191
0.968154
0.728394
-0.189142
-1.052541
-0.086984
-0.226228
0.178934
-0.579241
0.091848
-0.496495
-0.826724
-0.516464
-0.194428
-0.697631
0.460254
0.866032
-0.364995
-0.225931
0.147105
0.019208
0.284364
-0.295311
0.591437
0.659212
0.543321
-0.165016
-0.130463
-0.913157
-0.201209
0.035680
-0.222433
-0.752140
0.292102
0.165873
0.164787
0.071522
-0.894880
-0.477806
0.378741
0.026392
0.381710
0.209713
-0.657922
-0.245373
0.722691
-0.964546
-0.615795
0.301710
-0.154688
-0.434316
0.758975
-0.745914
-0.586467
0.671756
0.292254
0.134402
-0.451263
0.501919
0.552687
0.661746
0.471703
0.167793
-0.004250
-0.587945
-0.383242
0.595001
-0.151762
-0.402032
0.321151
-0.171626
-0.249791
0.141244
-0.568525
0.103794
0.230576
0.699885
-0.410553
-0.458787
0.217632
0.812434
0.137282
0.143261
-0.273129
-0.143181
0.197173
0.876802
0.218010
0.559193
-0.691921
0.466293
0.014973
-0.042204
-0.555340
-0.235261
0.327622
-0.546772
-0.153901
-0.485367
-0.954048
-0.495711
1.734935
0.161835
-0.447033
0.030905
-0.873106
0.083594
0.971913
0.569769
0.438404
0.704824
-0.692373
1.062352
0.485009
1.122370
-0.492006
0.428750
0.348591
-0.455754
-0.109286
0.859306
-0.255705
0.384154
0.773985
-0.792710
-0.471863
-0.127169
0.294686
-0.887051
-0.045201
0.771384
-0.003194
-0.224083
0.307305
-0.003973
-0.101989
-0.210269
1.031138
-0.025982
-0.632784
0.413839
0.719482
-0.253070
-0.267100
-0.059096
-0.373901
0.188527
0.996021
-0.521078
0.467608
-0.393265
-0.126588
0.173944
-0.504315
-0.567116
-0.155213
-0.835841
0.215078
0.620577
0.080305
0.713526
-0.204959
0.076122
0.603313
0.602477
0.356247
-0.327544
0.173821
-0.682929
-0.708429
0.428296
-0.001348
0.672212
-0.105407
0.755196
0.568424
0.037844
-0.271208
0.267254
-1.285429
-0.085437
1.199391
0.100437
-0.089427
-0.926360
-0.395720
1.111491
-0.424062
0.863454
-0.306192
0.482532
-0.850523
-0.106031
-1.352478
0.379622
-0.088463
0.626020
0.600922
1.454509
0.497089
0.806817
-0.974421
-0.202128
-1.126777
-0.589454
0.434703
-0.959289
-0.851412
-0.837896
0.916325
-0.274392
0.067448
0.183925
-1.244854
-0.012678
-0.633350
0.349359
0.504792
-0.435634
0.067361
-0.035321
0.143784
-0.592758
-0.275073
0.442758
0.091009
-0.880053
-0.206335
0.152724
0.731234
1.015589
0.070372
-0.100178
-0.971299
-0.279061
1.142049
-0.263969
-0.653072
-0.400439
-0.027402
-0.282312
0.342103
1.066028
0.055881
0.400168
-0.919198
0.690285
-0.520460
0.516794
0.720349
-0.440281
-0.312889
0.663998
-0.392646
0.406123
0.379032
-0.826159
-0.091368
0.063074
0.194455
0.799279
0.902982
0.571722
-0.926997
0.184941
-0.693233
-0.441627
-0.156286
-0.115260
0.383518
-0.164433
0.644657
-1.484139
0.893344
-0.408285
0.098633
0.223446
0.037074
0.504555
-0.376727
0.111967
-0.503844
-1.377180
-0.400274
-0.081024
-0.929055
-0.573669
-0.200449
0.307136
0.847946
0.322358
-0.008167
0.038601
-0.478456
0.383341
-0.872244
-0.814756
0.778438
0.457322
-0.142084
-0.496291
0.451432
-0.080550
0.073580
-0.892335
-0.716898
-0.134162
0.073241
-0.488475
-0.174545
0.556778
-0.594945
0.081877
-0.854643
0.511244
-0.763297
-0.269276
0.704455
0.222033
-0.133688
0.330557
0.137004
0.381830
0.183328
-0.073755
0.393466
-0.260918
0.146390
-0.762325
-0.102870
-0.685805
0.558880
-0.646740
0.101061
1.302316
0.015389
0.373030
0.859880
-0.060147
0.200771
-0.306677
0.073939
0.496558
-0.596632
-0.109656
-0.828968
0.121103
-0.025341
-0.210691
-0.725402
1.498187
0.490566
0.870694
0.927553
0.628629
-0.408358
0.656308
0.608629
0.498631
-0.436026
0.294375
-0.443916
0.044182
0.008341
0.904852
-0.000829
-0.833673
-0.202792
0.076372
0.278034
0.649336
-0.215862
0.189605
0.081837
0.654006
0.163837
0.085072
-0.612543
-0.175106
-0.013832
-0.918402
0.250133
0.188772
-0.126920
-0.145490
-0.491564
-0.409723
0.543720
0.547966
0.279707
0.008194
-0.896986
0.761730
1.009291
1.345139
0.145046
0.731833
0.168099
-0.491851
-0.120259
-0.347883
0.817978
-0.271734
0.701833
0.057453
-0.042413
-0.745814
0.749376
0.945364
-0.621809
0.911969
-0.130187
-0.291886
-0.126712
-0.557183
-0.216660
-0.002693
-0.087981
0.127213
-0.264818
-0.077903
0.055012
-0.399415
0.059239
-0.108534
-0.365453
1.093958
0.476044
1.227756
-0.577598
1.093364
0.400999
-0.155268
0.835203
-0.843438
0.132842
0.653261
-1.165952
-0.006304
-0.378037
-0.460051
0.037687
-0.646315
-0.000805
-0.427259
-0.338160
0.204366
-0.582907
-0.061386
0.057656
-0.534828
-0.671306
-0.281157
0.104226
-0.408975
-0.223507
0.062825
0.966860
0.915647
0.005590
0.756614
0.324026
-0.378514
0.375668
-0.699971
-0.193088
-0.455183
0.368455
-1.389717
0.102276
1.031751
-0.381661
1.091159
0.238529
0.177341
0.586747
-0.306935
-0.874869
-0.205150
-0.133682
-1.149728
-0.059620
0.793285
-0.571865
0.731242
0.774097
1.026893
-0.841290
-0.727865
0.239524
0.037653
0.261526
0.326520
-0.775632
0.207934
0.081457
0.473038
0.225941
-0.844412
-0.203367
-0.486664
0.332906
-0.252102
0.535282
-0.029034
0.111055
-0.324583
-0.201675
-0.519426
1.416258
-1.137710
0.381935
1.023793
0.444819
0.217507
1.149803
0.151687
-0.011311
-0.471516
-0.541160
0.453410
0.305757
-0.958634
-0.299938
0.534863
0.188913
0.154540
0.191058
-0.588242
-0.660989
-0.385428
-0.662486
-0.351621
0.083998
-0.061206
-0.726505
-0.578718
0.860028
0.184047
-0.727745
0.361925
0.565082
-0.609127
-1.214219
0.392879
0.094745
-0.025770
-0.407601
-0.708442
-1.263897
0.446007
-0.717532
-0.461961
0.772399
0.669487
0.301876
-1.128466
-1.031112
0.521702
-0.687718
0.439086
1.050574
-1.061056
0.503003
-0.671147
-0.127612
0.358179
-0.150589
-0.273340
-0.978421
0.619606
-0.481002
-0.053116
0.290466
0.420129
0.959391
-0.243252
-0.354595
0.922776
0.088024
-0.340347
-0.179336
-0.342724
-0.421080
-0.108305
-0.633511
0.202093
0.226760
0.185659
-0.100804
-0.565305
-0.256249
0.946594
-0.205168
0.581280
0.356357
-0.398721
0.399901
-0.475539
0.368079
0.417596
0.584536
0.413977
-0.710722
-0.472842
-1.589188
1.093707
-0.823987
0.747543
-0.149460
0.449515
-0.164823
-0.083857
-0.139471
-0.870097
-0.846711
-0.366401
0.870508
0.941753
0.959907
0.736370
-0.414397
-0.588843
0.599591
-0.307465
-0.324964
1.021494
-0.711749
0.528588
0.170600
-0.327942
1.340636
0.730985
-0.134371
-0.609756
0.503051
-0.787960
-0.696732
0.404278
0.042292
-0.459615
-0.348513
0.131404
-0.963367
-0.468263
0.081791
0.276220
-0.684322
0.725676
-0.338508
0.669199
0.480184
-0.204027
-0.428195
1.086061
1.051853
0.047957
-0.172579
-0.491607
0.252655
-0.644068
0.333112
0.582261
-0.206656
0.084521
-0.340612
0.636818
1.133500
-0.486267
0.381098
0.373744
-0.055131
0.529672
0.015788
0.454387
0.572692
0.526308
0.666540
-0.926915
0.330592
-1.198363
-0.513580
0.473010
0.145904
0.997645
-0.352876
-0.581355
-0.199546
-0.000893
-0.262584
-0.576052
0.277302
0.211568
-0.491157
-0.230492
0.997335
0.086851
0.027727
0.178829
-0.126323
0.688504
-0.367490
0.153878
-0.025144
0.462505
-0.273286
0.773766
-0.207143
0.485708
0.203894
-0.640013
0.529591
0.092012
-0.797580
-0.772243
-0.508935
-0.145686
0.364939
1.004100
0.205913
0.664098
-0.552339
1.055188
-0.545387
-0.496304
-0.673047
-0.256878
0.592937
0.556927
0.417073
-1.021048
-0.303085
0.243006
-1.147461
-0.563027
1.072513
0.250905
-0.117362
-0.462589
0.154340
0.061432
-0.567823
-0.288312
0.163854
-0.227425
-0.067657
-0.280875
0.559006
0.035237
-0.063925
0.793398
-0.950833
-0.694863
0.136079
0.968268
-0.200742
0.171038
0.327869
-0.113323
0.385015
-0.434059
0.900070
-0.120667
-0.535773
0.428847
0.052760
-0.291615
-0.045492
-0.423414
-0.329804
0.401889
-0.441634
0.534915
0.033735
-0.036464
0.470041
0.166368
-1.067536
-0.111500
-0.078924
-1.194393
-0.406143
0.539702
0.305370
-0.224431
-0.738329
0.578696
0.371950
0.418582
0.272114
0.240493
-0.640147
0.000301
0.797190
-0.134287
0.088889
-0.021169
-0.047671
0.520925
-0.094213
-0.201679
-0.468796
0.341027
0.170534
0.213101
0.339842
-0.718707
0.051155
-0.481926
-0.564292
0.004834
-0.666888
0.181873
0.520586
0.005747
0.665966
0.223170
0.040500
1.323021
0.532471
-0.082798
-0.612728
-0.001211
-0.260944
0.780179
0.487102
-0.287322
0.471996
-0.454237
-0.057326
-0.637481
-0.246533
-0.140062
-0.322419
-0.336890
0.463639
-0.003687
0.149192
-0.122733
-0.250096
0.670003
-0.030414
-0.385751
0.095575
0.122135
-0.408736
-0.258255
-0.197545
-0.617846
-0.033061
-1.068850
-0.042944
0.528991
-0.838245
-0.367976
-0.124549
1.015976
-0.788492
-0.064797
-1.254075
0.801279
0.288799
-0.972641
-0.571678
0.545133
-0.036689
-0.695406
0.004735
-0.486897
0.004159
0.017263
0.013261
0.068669
0.394354
0.831356
-1.296870
0.525725
1.055025
0.158931
0.521950
0.615522
0.621845
-0.310008
0.747357
0.610956
-0.326459
-0.017158
-0.364657
0.229125
-0.122098
0.494464
-0.029585
-0.817261
0.251110
-0.078323
-0.054303
-0.574091
0.452119
0.176113
-1.215438
-0.063857
0.212680
-0.594504
0.023286
-0.264361
-0.484492
0.473811
0.020689
-0.088805
0.754167
0.261484
0.705265
-0.277750
0.952718
0.930770
0.457051
-0.752320
-0.644138
0.332850
-0.801983
-0.378458
0.891133
-0.161515
0.209589
0.297200
0.596051
0.178256
-1.205682
-0.756449
0.981729
0.097517
-0.147510
0.522018
1.055800
-0.168542
0.528485
0.030899
0.340996
0.520685
-0.307848
-0.205766
0.599683
1.034221
0.382039
-0.104794
-0.218739
0.225329
0.011916
-0.421138
-0.293541
1.107285
-0.165038
0.812693
-0.795203
-0.198653
-0.020611
-0.248930
-0.046816
0.588016
0.339474
-0.270280
-0.798940
-0.266217
-0.907561
-0.511201
-0.168505
0.103161
-0.448371
0.766384
0.663127
-1.590182
0.538934
-0.065400
-0.573440
-0.773880
-0.104008
-0.048379
-0.184831
-0.465180
0.026859
-0.253079
0.165314
-0.322933
0.877109
-0.197143
0.012334
-0.203936
0.441201
-0.136738
-0.096054
-0.656121
-0.644493
0.640286
-0.440235
-0.488152
0.511290
0.100316
0.581886
-0.926124
0.342566
-0.391492
-0.864895
-0.419244
0.368906
-0.774488
-0.485464
0.260880
-0.165823
-1.451401
-0.122827
0.494211
0.456841
1.075353
-0.356406
-0.195253
-0.302615
0.076132
-0.151488
0.340284
0.866371
-0.968417
0.642897
-0.823159
0.861688
0.326640
-0.661247
-0.340603
-0.466853
1.073887
0.812502
1.182478
0.072140
-0.252430
-0.062449
-0.744152
0.264588
-0.439790
0.169535
0.413889
0.494743
-0.222830
-0.261390
-0.775222
-0.207853
-0.246364
-0.576287
-0.046499
-0.079641
0.250318
-0.209566
-0.305422
0.415234
-0.342954
0.172522
0.239989
-0.355315
-1.111118
0.237116
0.130829
-0.204256
0.672847
-0.149916
-0.292730
0.436903
1.297899
-0.933965
-0.524064
0.808170
0.398068
0.375355
0.072236
0.118225
0.574130
0.301002
-0.237127
-0.006508
0.271510
-0.611111
-0.258100
0.512278
0.174958
1.035579
0.875121
-0.499334
-0.359373
-0.533682
0.057783
0.735935
0.139607
1.165357
0.580969
-0.559333
0.459056
-0.040060
-0.886309
-0.291215
-0.135498
-0.146786
-1.775908
-0.304986
-0.112005
-0.168485
0.590540
0.591615
0.520771
-0.310392
-0.993136
0.219638
-0.218793
0.245078
-0.035521
0.754425
0.434249
-0.415393
0.067402
-0.421178
0.025122
0.122340
0.613796
-0.572572
-0.252442
-0.320224
-0.109423
-0.111730
0.955548
0.210010
-0.350813
-0.367528
-1.023585
-0.328418
0.362903
-0.214574
0.487590
-0.320205
-0.341517
-0.479037
0.803063
-0.014093
0.358019
-0.268331
-0.221172
-0.145031
-0.255984
-0.523653
0.135244
-0.847687
0.417755
1.200645
-0.834416
0.224525
-0.320383
0.426946
0.448529
-0.973177
-0.492473
-0.912084
0.050765
1.320379
-0.346809
0.267700
0.365915
-0.375612
-0.147264
-0.147081
0.686466
0.646305
0.014865
0.339214
0.701922
-0.379686
0.939716
-0.014477
-0.149818
0.298108
-0.800193
0.495227
-0.126905
0.467866
-0.335732
0.297778
-0.167907
0.499467
0.268823
-0.247476
0.508113
0.063435
0.074714
-0.020397
-0.965256
-0.082215
0.528162
-0.113119
0.641601
-0.209064
-0.414118
-0.331575
-0.574162
1.031777
0.214721
0.577389
-0.315540
0.518631
-0.794475
0.018369
0.078185
-0.485386
0.593667
-0.602084
-0.374561
0.052045
0.093298
0.310651
0.654135
0.424460
0.130476
0.600064
-0.480993
0.374185
-0.439792
0.648178
-0.337093
0.197187
-0.554646
0.997358
0.999111
0.166983
0.450974
0.679838
0.106218
-0.358944
-0.771288
-0.751700
-0.555613
-0.835314
0.568202
0.631744
0.122795
0.006831
-0.527366
-0.735592
-0.307483
-0.027728
-0.589141
-1.157504
-1.152117
0.213040
0.609098
0.486501
0.854531
-0.091098
-0.576985
0.044243
-0.121486
0.502923
-0.484788
1.117055
0.859893
0.438628
-0.126332
-0.270463
-0.359438
0.634082
0.556289
-1.056232
0.268763
0.722443
-0.597729
0.627390
-1.144931
-0.535752
0.104509
-0.139275
-0.974187
0.312800
0.445233
0.492766
0.109281
0.201685
0.098839
-0.186911
-0.242090
-0.154533
0.869983
0.796707
0.413418
1.371830
0.284004
-0.132739
-0.160308
-0.053175
0.159439
0.210392
0.491256
-0.478931
-0.192936
-0.996673
-0.672150
-0.606697
1.060317
-0.417306
0.184614
-1.680671
0.133276
-1.545536
-0.058434
-0.337265
1.342622
-0.376040
0.896481
0.895911
-0.565625
0.158219
0.357402
0.223799
0.396683
0.092889
0.122138
0.035091
-0.638204
0.352656
1.676315
-0.005921
0.332913
0.229245
0.484779
0.115033
0.343918
-0.186136
-0.113813
0.357678
0.622177
0.146537
0.230805
-0.762633
0.874189
-0.248241
-0.478583
-0.196281
0.096561
-0.299937
0.041072
0.184380
0.930319
1.034730
-1.060772
0.301968
0.592963
-0.160568
0.491364
-0.768150
0.478984
-1.123772
0.572856
-0.881033
0.709377
0.788028
0.242203
0.268615
-0.692547
0.187876
0.546376
-0.651343
0.198386
-0.407261
0.263363
0.277389
-0.471168
0.944759
0.676945
0.036900
0.165479
-1.084958
-0.216949
0.639626
-0.023252
0.107246
0.568631
-0.166041
0.638600
0.283985
0.417258
0.259195
-0.037524
-0.300097
0.431841
0.058509
0.405450
-0.330524
0.752892
-0.690838
0.331571
0.593332
-0.409439
0.454052
-0.799557
-0.316417
0.074412
-0.224626
0.512682
0.837720
-0.633887
-0.437831
-0.924427
-1.359480
0.595749
0.520355
-0.024493
0.276398
-0.486166
0.113618
0.105735
-0.958171
0.648499
0.101873
1.166113
0.381383
-0.433560
0.039740
-0.948767
-0.571303
0.391620
0.157052
0.129962
-0.036082
0.632018
-0.513564
1.006986
0.901791
0.413276
-0.446150
0.484591
0.176619
-0.485698
-0.576495
1.010313
0.929641
0.393474
0.411791
0.155546
-0.166685
0.416987
-0.147695
1.256808
0.122115
0.240126
0.274558
0.274650
0.338629
0.967712
-0.495635
-0.263834
0.029042
0.009844
-0.443176
-0.895753
-0.187247
1.041577
0.261635
0.352922
0.203739
0.686170
1.053603
-0.096290
-0.366114
0.299267
-0.500383
-1.399453
-0.705010
-0.305973
0.446299
0.321879
0.264093
0.339297
0.144431
-0.019934
0.548088
-0.234249
-0.162781
-0.707137
0.314985
-0.012508
-0.146296
0.153222
0.252667
-0.139680
0.166322
0.136159
-0.801019
0.005245
0.050220
0.820206
-0.358176
-0.743074
0.155394
-0.376821
-0.326046
-0.573666
0.074499
0.335088
-0.600121
0.636529
-0.369957
-0.144421
-0.107239
0.933782
0.576045
0.120427
-0.033057
-0.008121
0.251402
0.600202
0.148734
0.484971
-1.224688
-0.478983
-0.201582
-0.671492
-0.509580
0.636081
-0.808563
-0.589671
0.019774
0.506352
0.442750
0.339243
-0.828213
0.297179
0.062131
1.270531
0.164171
-1.135167
-0.605064
-0.073483
0.379190
0.577780
0.181067
0.440724
-0.228093
-0.386504
0.608698
-0.832036
0.408635
-0.124044
-0.480424
0.670891
0.670526
0.021800
-0.414127
0.063241
0.716336
0.060839
-0.966271
-0.003028
0.325326
-0.613749
-0.042165
-0.277626
0.270992
-0.887839
0.541494
0.674190
-0.245772
0.084216
0.561694
-0.832207
-0.900792
-0.062189
0.164153
-0.912058
0.172653
-0.480245
-0.039737
-0.527291
1.070101
0.544247
0.963545
0.218218
-0.594410
-0.649886
0.163717
0.903354
0.494996
0.459530
0.204037
0.240652
0.236858
-0.152652
-0.494604
0.373475
-0.056970
-0.150176
0.623881
-0.929362
1.606961
0.293940
-0.360861
-0.878511
0.580679
1.255864
1.379796
-0.543777
1.104906
0.815558
-1.047864
0.491105
-0.888342
-0.049461
0.106898
0.297217
0.379558
0.447725
-0.581348
0.158339
-0.222899
-0.514037
0.571483
1.020271
-0.471697
-0.534629
-0.051326
0.075797
-0.022285
-0.736606
0.305769
0.138523
-0.224617
-0.212388
0.184204
0.630000
0.928061
1.519889
0.434938
-0.241752
0.393219
0.543172
0.548163
1.494499
-0.102042
0.302055
0.158866
0.520488
0.071633
-0.898396
-0.586270
1.072288
-0.389985
-0.576366
-0.444949
-0.011670
0.284494
-0.422900
-0.758465
0.030643
-0.895641
-0.313197
-0.420205
0.337669
-1.622402
0.200400
0.771566
-0.224507
0.328183
1.193408
-0.528188
0.432501
-0.273597
-0.104154
1.022442
-0.007025
-0.332988
0.493105
-0.576817
-0.492176
0.054640
-0.189658
0.910990
0.120265
-0.339732
-0.109647
0.238248
0.073825
-0.725846
0.314809
0.344650
0.779914
-0.173756
0.423570
1.192489
-1.125782
-1.531034
0.198129
0.030018
1.078402
0.010201
-0.494923
-0.012520
0.417526
-0.067736
-0.724717
0.560917
0.360329
-0.051112
1.133959
0.532129
-0.031406
0.307921
0.134059
-0.474175
-0.530344
-0.108105
-0.848214
-0.308488
-0.594323
-0.304177
1.168290
-0.456921
-0.019417
-0.153656
-0.363580
1.087525
0.465515
-0.077858
-0.036820
-0.672543
0.024473
-0.626770
0.247514
-0.298490
-0.476276
-0.184568
0.061537
1.158142
0.007910
-0.742781
-0.039896
0.078058
-0.200946
-1.205490
-1.051310
-0.780186
-0.537649
-0.631269
0.213605
-0.368726
0.995134
-0.044062
0.073681
0.108282
-0.160077
-0.169617
0.951608
-0.642352
0.257852
-1.012647
0.110830
-0.435261
-0.086721
-0.189714
-0.690758
0.001390
-0.343806
0.441402
0.383480
-0.038028
0.518089
0.547660
-0.364109
0.286405
-0.103220
0.661725
-0.521717
-0.107395
0.760483
-0.696514
-0.517780
-0.804129
0.338129
0.462064
0.876560
-0.109945
-0.595626
-0.215977
0.376851
-0.370788
-0.341344
-0.974359
-0.872159
-0.467918
0.344195
-0.928613
0.318103
-0.209607
-0.597715
0.729709
-0.886600
0.573372
0.050374
-0.214686
-0.332986
-0.370929
0.826897
0.381419
0.507058
0.993026
-0.380109
-0.049344
-0.165953
0.416095
-0.510921
0.254968
-0.482648
0.120551
0.676922
0.220838
0.635098
-0.015451
-0.034021
-1.234581
0.679161
0.875597
-0.816011
0.316087
0.327388
-0.158394
0.236108
0.223779
0.027123
0.121590
-0.341487
0.851389
-0.062685
-0.264677
0.387802
1.222746
-0.179948
0.616777
-0.538631
-0.165408
0.604990
1.342129
-0.632627
-0.936511
-0.194053
0.616586
-0.881555
-0.047388
0.429180
0.394333
-0.500804
-0.056184
1.147232
0.170402
-0.891519
0.132638
-0.073735
-0.429834
-0.370314
-0.983837
-0.550789
-0.601517
-0.282851
-0.085789
0.208211
-0.657894
-0.076393
0.082019
0.190227
0.771367
0.465472
-0.334396
-0.031562
-1.507333
-0.155526
-0.477522
0.232593
-0.530861
-0.061647
0.150435
0.778338
0.255595
-0.435603
-0.943060
0.185308
-0.617947
0.554360
0.054373
-0.190223
0.385887
0.308408
0.369716
0.709246
0.209353
-0.512851
-1.197568
0.533334
-0.215184
1.126196
0.759407
0.566011
0.069748
-0.689651
0.353988
-0.382309
-0.060975
0.934481
-0.067302
0.217965
-0.854300
0.058731
-0.620145
-0.487931
0.008511
-0.439859
0.599598
0.200599
-0.249230
-0.083541
-0.508594
0.480662
0.091611
0.092356
0.671411
-1.131709
0.787562
0.321786
0.092058
0.292810
-0.148508
0.342817
0.134272
0.369112
0.699510
-0.770563
-0.421564
-1.090152
-0.539180
-0.438380
0.987917
0.384475
-0.156088
-0.910204
0.184200
0.134592
0.876450
0.848485
0.359013
-0.367094
-0.172362
0.486822
-0.589360
-0.210137
-0.193531
0.614778
-0.757347
-0.896443
0.314984
1.746323
-0.136194
0.532548
-0.360986
0.297860
1.114797
-0.436697
-0.124889
-0.509790
0.325966
0.749539
-0.203852
-0.464871
1.253861
-0.148956
-0.002826
-1.337159
0.224110
0.098707
-0.179488
-0.167035
-0.225827
-0.538144
-0.422898
0.049517
1.055389
0.049569
0.158312
0.623586
-0.161283
-0.362302
-0.582609
-0.155935
0.368077
-0.736037
-1.672799
-0.409767
0.622166
-0.277727
-0.506985
0.343250
0.109919
-0.109806
0.715386
-0.240142
-0.856441
-1.081053
0.652976
-1.255135
0.152058
1.200599
0.538076
0.569344
0.999194
-0.491187
0.243454
0.220504
0.178717
-0.680333
-0.357486
0.523443
-0.801997
1.542775
-0.825626
0.244097
0.918905
-0.031913
-0.448068
-0.185190
-0.270585
0.452867
0.382236
-1.183874
-0.642163
-0.551589
-0.932481
-0.584257
-0.520008
0.246914
0.489796
-0.442455
0.637533
0.015540
-0.470948
-0.810066
0.189355
-0.445046
0.376353
-0.922449
1.207304
-0.071255
0.414505
0.147888
0.782540
-1.648403
-0.139780
-0.640938
-0.300356
0.801353
0.717290
-0.066218
-0.001775
0.438862
-0.383527
-0.676523
0.116424
0.011806
-0.328465
-0.372147
0.876339
0.308505
-0.668180
0.086514
-0.175312
-0.064330
-0.575186
-1.013384
-0.397130
-0.119337
0.077221
0.299217
-0.331314
0.142791
0.036555
0.400134
0.304298
0.401905
-0.867819
-0.581831
-0.525025
-0.323232
0.109587
0.738736
0.553730
-0.688132
0.261230
-0.402414
-0.134440
1.016282
0.220846
0.093047
0.908186
0.138655
0.486429
-0.118037
0.100092
0.074923
0.336873
0.052503
-0.450226
0.792113
0.229460
0.038589
0.526950
-0.410277
-0.917936
0.689694
0.636985
0.295331
0.354230
-0.627915
-0.339718
1.235210
-0.396310
0.162361
0.631227
-0.211681
-1.188874
0.590537
0.524580
-0.315569
-0.648116
0.064685
-0.517957
0.522505
0.272329
-1.236689
0.142551
0.089238
-0.944027
0.023445
-0.321065
-1.009720
-0.769102
0.445119
0.307683
0.305400
-0.114992
0.007711
-0.495365
-0.301670
-1.013795
-0.462073
0.127173
0.414242
-0.000080
1.184229
-0.387131
-0.358599
0.590230
0.716736
0.448580
-1.414641
-0.052226
-0.588471
-0.170611
-0.547711
0.042636
0.449183
0.219936
0.231240
-0.034847
-0.343452
-0.252541
-0.220007
-0.216543
0.283652
1.254667
-0.872127
0.468036
0.372057
1.081091
0.684844
0.591068
-0.085039
-1.091484
0.097007
0.005269
0.174791
-0.373972
-0.821832
0.139448
0.040585
-0.603139
0.015821
-0.033820
0.318881
0.753395
-0.542234
-0.168553
0.647703
0.117622
0.256372
0.029936
0.536519
0.386215
-1.167227
-0.240752
0.468507
0.340372
0.192243
0.271296
0.196884
0.433052
-0.027660
-0.375579
-0.456524
0.549053
0.526427
1.242009
0.783464
-0.554705
-0.590948
-1.119095
-0.120886
0.104388
0.830231
-0.443371
1.057593
0.432536
-0.141664
0.227618
0.692604
0.305600
-0.161644
-0.961127
-0.327657
0.027820
-0.116122
-0.700339
0.444783
-0.713026
0.840515
-0.244317
-0.316027
0.307307
-0.742012
-0.039862
0.714967
0.891210
0.159404
-0.339956
0.854920
0.625752
0.384161
-1.183032
0.354992
-0.242912
-0.354557
-0.385665
-0.261962
0.277117
0.499986
0.293926
0.046141
1.017110
-0.146885
-0.782334
0.302137
0.748703
-0.652416
-0.223685
0.039182
0.074939
-0.312218
-1.351617
0.162328
-0.040419
0.824792
0.153048
0.161558
-0.134027
-0.235500
0.132250
0.247505
-0.173807
0.048214
0.345400
0.230218
0.159332
-0.369376
-0.221841
1.227609
1.512408
0.071100
0.074279
-0.283615
-0.254248
-0.222655
0.236865
-0.136698
1.359353
-0.288443
0.832746
-0.189140
-0.021956
-0.702161
-0.050486
-0.172851
0.548099
0.410252
-0.234827
-0.121415
-0.302449
0.222863
0.181230
0.296513
0.875838
0.136991
-0.450707
-0.396154
1.067507
0.222396
0.535612
0.138566
-0.643690
-0.037694
-0.223313
-0.860566
0.401159
0.383517
-0.615176
0.723348
0.102871
0.089854
-0.477770
-0.520314
-0.633965
-0.174955
0.302313
0.122261
-0.659706
-1.185848
0.145114
1.051025
0.228027
-0.076288
0.066887
-0.320265
-0.320617
1.407634
0.463892
0.002840
-0.451419
-0.117214
-0.452749
0.346317
-0.444428
0.008355
-0.031477
0.306580
0.087719
0.684433
0.046809
-0.710054
-0.085734
-0.211114
0.465998
-0.334808
0.778893
-0.136615
0.819943
0.807425
0.228814
-0.352815
0.474443
-0.679579
-0.621210
0.381023
0.663683
-0.263684
0.824777
-0.160237
0.321477
0.878885
1.132118
-0.060736
0.028511
-0.290106
0.954811
-0.057463
0.488360
0.999720
1.082488
-0.468082
-0.745780
0.184719
0.702201
0.321213
-0.357336
0.954483
-0.159634
-0.588560
-0.281832
-0.032523
-0.579444
0.478405
-0.854845
-0.004994
-0.552162
-0.460217
-0.215801
0.908365
0.929360
-0.230785
-0.775378
0.059350
-0.238447
0.604652
-0.222867
0.035186
-0.163030
0.063993
-1.179220
-1.175386
0.186931
-0.586167
-0.690943
-0.113797
-0.120674
-0.078965
-0.012011
1.291799
-0.451510
-0.631596
-0.065134
-0.041677
-1.673628
-0.440224
-0.543823
0.486422
-0.695393
-0.852700
-0.674298
-0.142273
1.983960
-0.366986
0.274554
-0.580496
0.267585
-0.207168
-0.675421
-0.767323
-0.635845
-0.259695
0.193351
-0.627322
-1.140121
0.990150
-0.332416
-0.541772
-0.262847
-1.029457
1.298685
-0.315433
-0.269661
-0.198157
-0.626803
-0.328656
0.592768
0.875807
0.008335
-0.066951
-0.538552
-1.052954
-0.550589
0.178191
-0.803645
0.378530
-0.440970
-0.005864
-0.361090
0.395204
-0.210689
0.359958
-0.812403
1.054088
-0.026226
0.535528
-0.116314
-0.416247
0.196215
0.441975
0.715395
-1.095083
-0.456634
0.357057
-0.285185
-0.715604
-0.618561
0.384118
0.890969
-0.329763
0.142149
-0.229178
-0.376160
-0.331533
0.520054
-0.809270
-0.209220
-0.334268
0.215452
0.041999
0.363317
0.060934
-0.280838
-0.594357
0.910590
-0.296867
0.365906
-0.992632
1.577794
0.904676
0.683023
0.310096
-1.443255
-0.181082
-0.875385
0.883792
0.737138
-0.700553
0.142051
0.070811
0.977850
0.880732
-0.381234
0.350881
-0.271767
0.735772
-0.316077
0.300483
-0.470338
-0.418252
0.807370
-0.308670
-0.080617
0.790111
0.124776
-0.093296
-0.665789
0.579258
-0.019821
0.233247
-0.079534
-0.512906
0.237067
-0.795983
0.058164
0.751369
0.073791
0.221366
0.722002
0.129257
0.543535
-0.251361
0.364664
0.334662
0.567352
0.853007
-0.808371
-0.249703
-0.470662
-0.146365
0.759201
-0.982681
0.985753
0.229624
-0.242897
-1.744369
1.538302
0.236611
0.155230
-0.063444
-0.548794
0.061600
0.825528
-0.387051
-0.615192
0.173663
0.424943
0.021100
0.274047
0.630707
0.505067
0.117870
0.423586
1.068060
0.166452
0.430070
-0.163226
0.959789
0.748712
0.501087
-0.861753
-1.082924
0.109778
0.679559
0.253437
0.840892
0.797975
-0.786973
0.721481
0.156836
-0.107721
0.045483
1.054795
-0.210989
-0.392031
0.173458
-0.166385
0.996051
0.473670
-0.498375
0.187510
0.729460
0.333864
0.193237
-0.163478
0.651485
-0.092522
0.184542
-0.844920
-1.068614
-0.043350
-0.048415
0.503506
1.356238
0.219239
0.884518
0.064934
0.938330
-0.211689
-1.296141
-1.084241
-0.133606
0.713148
0.845990
1.276860
-0.526869
-0.001294
0.936485
0.038667
-0.317252
0.531545
-0.150805
0.363594
-0.414342
-0.029596
0.044827
-0.995281
0.093130
-0.672100
0.109318
0.946482
0.631061
-0.947984
0.596945
-0.646120
-0.182556
-0.475837
0.448034
-0.350343
-0.127099
0.326334
-0.798385
0.145780
0.082146
-0.630490
-0.940690
1.237654
-1.175423
-0.301927
0.766744
-0.411277
0.949556
0.793554
0.659533
1.063350
0.407136
-0.422074
0.526265
-0.163068
0.480214
-0.394614
0.734886
-0.577908
0.793291
0.905132
-0.373943
0.695873
0.194211
-0.105502
1.035832
-0.688852
0.493223
0.006759
-0.508445
-0.039806
-0.487742
1.337087
-0.177637
0.168365
0.142758
0.301651
0.911123
-0.825518
0.635329
0.483414
-1.038857
0.476818
0.252050
1.280027
-0.042489
0.743608
0.213761
-0.405633
-0.749519
-0.608444
0.118603
0.523505
-0.774919
-0.075052
-0.374683
-0.331325
0.869298
-0.758135
-0.306538
-0.949471
-0.627296
-0.769103
0.077450
-0.881039
-0.385429
0.352570
0.464157
-0.838747
0.012389
0.869292
0.947664
0.333902
-0.131545
0.095381
1.186455
-0.380319
0.324824
-0.013177
0.064879
0.135437
0.906862
-0.161423
-0.197901
-0.682963
-0.114142
1.299881
0.446907
-0.151527
-0.930892
-0.154212
0.781807
-0.304618
0.138942
0.436452
-0.375000
0.510319
0.033204
0.358320
0.391700
0.692366
-0.719509
-0.350501
-0.295287
0.011973
0.319929
0.403853
-1.036915
0.423516
0.252194
-0.067011
-0.808828
-0.014380
-0.357498
0.262960
0.692695
0.364433
-0.340305
-0.187278
-0.955335
0.090547
-0.430145
-0.016759
0.417755
-0.677170
-0.275372
0.025737
0.164545
0.581082
-0.943831
-0.621057
-0.169981
-1.301378
-1.140907
-1.451509
0.088277
-0.520797
-0.372823
-0.030676
0.654915
-0.164816
-0.426058
0.413015
-0.949062
-0.831803
-0.566131
0.106917
-0.362953
-0.032696
0.167334
0.694854
-0.635313
0.171477
-0.885724
0.358691
0.019019
0.731171
-0.531546
-0.816122
-0.622198
0.705404
-0.568546
0.185470
0.007277
-0.243502
-0.568859
0.343239
0.163544
-0.141129
-0.842047
0.708871
0.395788
0.572472
-0.261115
-0.181634
0.744356
-0.171448
0.719400
-0.514490
0.554396
0.735027
0.811870
0.386876
-0.300550
-0.703460
-0.135004
-0.367669
0.037291
-0.319743
-0.219431
0.261443
-0.111629
-0.251419
0.232928
-0.824065
-0.861934
-0.964957
-0.363141
0.631015
0.496000
-0.260670
1.278244
-0.103829
0.225216
-0.937452
-0.134698
-0.585497
-0.236653
-0.080520
-0.174500
0.756097
0.010738
0.105374
-0.347858
0.606022
-0.219175
0.346142
0.277870
0.209680
-0.573486
-0.189699
-0.114555
0.658883
0.858552
-0.552407
0.084957
0.904493
-0.606115
1.222172
-0.076846
0.817371
-0.818244
-0.442277
-1.167999
0.421433
-0.016265
-0.540845
0.216097
0.089054
0.444781
0.221509
-0.232432
-0.616080
-0.592682
0.524119
0.458367
-0.712779
0.571146
0.554504
0.279050
-0.330961
-0.586343
-0.277773
-0.648809
-0.371728
-0.359424
0.314375
-0.498395
0.496261
-0.535879
-1.247556
-0.332895
-0.345739
-0.131401
-0.571531
0.038138
0.743155
0.842660
0.415053
-0.766790
0.233810
-1.193696
0.015052
0.544864
-0.574708
1.138085
-0.777220
0.679194
0.174769
0.344616
0.100042
-0.396465
0.425271
0.484806
-0.879239
0.259948
0.706566
0.482346
0.257546
0.149959
0.021763
-0.979171
-0.604959
-0.596357
0.756552
0.076580
-1.019764
-0.436236
-0.204549
-0.816952
-0.575067
0.276525
0.579655
0.491621
0.429656
0.687189
-1.291540
0.753038
0.321801
-0.300174
0.039935
-0.223884
-0.265038
0.645551
0.535408
0.945323
-0.095800
-0.262930
-0.816861
-0.128474
0.834919
0.102429
1.785825
-0.213193
-0.413821
1.058873
0.125370
1.070829
-0.274137
-0.024147
-0.419777
0.487056
-1.221663
-0.587212
-0.069034
0.693619
-1.069813
-0.316826
0.370972
-1.129693
0.565442
0.104711
-0.203582
0.472817
-0.409055
0.136991
-0.612426
1.295571
-0.189849
1.078472
0.502950
0.659603
0.112409
0.490898
0.597188
0.307260
-0.988770
-1.630499
0.043282
-0.372282
-0.237974
-0.056061
-0.340983
-0.049560
0.807739
0.005079
-0.811484
-0.817986
0.627316
0.589795
1.480014
0.490399
-0.138816
0.411829
0.771092
-0.705674
0.896214
0.711528
0.408664
-0.405497
0.244245
0.430608
-0.762333
0.768312
-0.315535
0.832096
-1.189721
0.649034
-0.342122
0.377911
0.445788
-0.063667
0.606935
-0.426374
0.477931
-0.224629
-0.123241
-0.260853
-0.136330
0.693447
0.159480
0.232853
-0.480539
-0.564033
-0.759400
-0.367220
-0.212994
0.126406
-0.252872
0.315017
0.452919
-0.088436
-1.397347
-0.269133
-0.016634
-0.337803
0.071110
0.606137
0.618541
0.169790
0.053383
0.255719
-0.205703
-0.434379
1.071941
-0.706647
-0.031665
0.130120
0.276990
-0.835615
-0.265973
0.310215
0.824118
0.138277
1.451872
-0.684621
1.012481
-0.816884
0.979646
0.443874
0.655704
-0.433532
-0.498312
0.533774
-0.234467
0.848984
-1.030037
-0.092554
0.209068
0.638247
0.607281
0.425365
0.223111
-0.027113
0.106644
-0.013513
0.714752
0.107877
0.298393
0.201293
-0.933185
1.054492
1.113202
0.318844
0.074010
0.310434
0.455072
-0.510970
-0.624778
-0.177388
0.557036
0.115642
0.283819
-0.134505
-0.015727
-0.595424
0.308035
0.966393
-0.724016
0.010198
-0.293783
-0.728329
0.417777
0.195043
1.228265
-0.108314
-0.819244
0.402742
0.083817
-0.041570
-0.101540
-0.323587
0.867298
-0.322792
-0.762512
0.350703
-0.756534
0.311972
0.445565
-0.711972
-0.299528
-0.959164
-0.309791
0.105988
-0.233001
-1.100201
-0.845628
-1.044850
-0.144300
-0.004385
-0.265003
0.093447
-0.362243
0.577861
-0.337102
-0.857325
-0.568704
-1.132213
-0.875651
-0.368040
0.483762
-0.563829
-0.539297
-0.577487
0.821237
-0.148062
-0.620912
0.436626
-0.329838
-0.237338
-0.424882
-0.029666
0.190422
0.008755
0.634805
-0.529795
-0.437187
-0.049404
-0.128805
-0.031158
0.034616
0.247668
-0.040668
-0.148503
0.047831
-0.694706
0.410974
-0.017818
-0.392014
-0.082773
0.261668
0.158901
0.053065
0.826055
-0.716037
-0.142121
-0.780275
0.765901
0.560381
-0.308815
0.271947
-0.871273
0.167816
0.479019
0.679268
0.422520
-0.877319
0.135240
-0.263535
-0.595583
0.863783
0.191473
-0.472898
0.521046
0.178713
-0.555444
-0.025400
0.107271
1.064969
0.051974
-0.020510
0.182109
-0.605787
-0.399623
-1.015195
-0.642525
0.101964
0.212849
0.378741
1.006668
0.279580
-0.355033
1.591818
0.111002
-0.457707
-0.671975
-0.194886
0.192178
-0.006877
0.528674
-0.181858
0.858788
-0.914421
0.259870
0.056418
0.490547
0.091002
-0.728533
-0.929748
-0.417299
0.472353
-0.969102
-0.192630
0.114168
-0.678687
-1.039571
-0.201016
1.005234
0.164019
0.522435
-0.455180
0.228991
-0.468488
0.799077
-0.133029
0.354165
0.288842
-0.270195
1.121916
-0.041319
-0.512895
0.047680
0.074690
-0.312948
0.720196
0.106065
-0.650506
-0.370828
-0.010582
0.376444
-0.065469
0.143373
0.479096
-0.548995
-0.116864
-0.288338
-0.343530
-0.129349
0.947663
0.596096
0.564322
-0.206736
1.090893
-0.299242
-0.136030
1.209532
0.162542
1.061693
0.418486
0.478444
-0.322448
0.014526
-0.008394
-0.004401
-0.030897
0.680362
0.963670
0.519870
-0.617198
1.098125
-0.878172
0.604108
-0.628788
-0.360641
0.585499
0.654240
-1.134878
0.299302
-0.223162
0.785240
0.111074
-1.249968
-0.223953
0.493051
1.406412
-0.211904
-0.239914
-0.496371
-0.198750
-0.061460
-0.596035
0.742989
0.846162
-0.281601
0.582472
0.388330
0.083697
-0.171388
0.371035
0.348917
-0.504978
0.668584
0.532114
0.130637
0.228309
0.059598
0.569113
-0.997983
-0.017678
-0.418895
-0.027069
-1.023140
0.005189
-0.439782
1.140644
-0.076465
0.506276
0.354416
0.249722
1.077026
-0.268421
0.132582
0.059294
-1.224254
-0.570389
0.921113
0.558280
0.819213
-0.951237
-1.115392
-0.306724
0.572737
0.007281
0.382457
0.142023
-0.147648
-0.503601
-0.842882
0.011140
-0.352426
0.656485
0.271692
0.276950
0.433770
-0.378013
0.201991
0.606776
-0.950769
-0.691684
0.706403
-1.070801
-0.015202
0.415336
-0.168979
-0.880003
0.291730
0.034353
-0.940264
-0.540178
-0.448074
0.124044
0.308269
-0.637065
-0.309496
0.601016
0.395334
-0.075196
-0.682564
0.047953
0.383430
-0.461650
-0.522729
0.570848
-0.856230
0.536337
0.049150
0.156492
-0.191002
0.436877
-1.092553
0.054888
-0.285653
0.886010
0.108599
0.289016
-0.657316
-0.738114
-0.091069
0.703938
1.114200
-0.660615
1.318167
-0.892541
-0.830599
0.238819
-0.408065
-0.282195
-0.477854
-0.365331
0.587539
0.578597
0.410528
-0.249734
-0.772271
-0.029640
-0.085099
-0.119335
0.169793
-0.341702
0.356269
-0.293070
-0.182477
0.778549
-0.345037
-1.059815
0.780085
0.987718
0.205524
0.295472
0.523445
1.010252
-0.310143
0.243305
-0.124583
0.053129
-1.576208
1.288551
-0.516310
0.476924
-0.881659
-0.387714
-0.637724
-0.160711
-0.138200
-0.186611
-0.383603
-0.362315
-0.373383
-0.246020
-0.116863
0.117574
-1.054635
0.211696
0.771961
0.321402
0.883917
0.842943
-0.190145
-0.280113
0.349106
-0.535842
-0.652336
0.013839
0.402191
-0.707021
-0.090804
-0.736299
-1.000318
-0.303582
-0.368138
0.080958
0.633671
1.017178
-0.283542
-0.756207
-0.390449
-0.541160
0.628331
-0.267954
0.691028
0.509716
0.309604
0.388441
0.212346
0.308587
0.551789
-0.647435
-0.319087
-0.713959
-0.994073
-0.947002
0.195138
-0.508790
0.241200
-0.546119
0.387026
-0.122722
0.615568
-0.373499
-0.643181
-0.833072
-1.117041
-0.353926
0.239155
0.310144
-0.032568
-0.439625
-0.101737
-0.076742
-0.650660
0.299737
0.390719
-0.324625
-0.519434
0.087093
1.324289
0.098579
-0.492236
-1.095135
0.106726
-0.225660
-0.253554
0.128834
0.103095
-0.651720
0.562510
-0.400702
0.070512
-0.007348
0.158143
0.167869
0.463504
-0.252709
0.489681
0.294211
-1.371521
-0.512618
1.938742
-0.967240
-1.542936
0.680305
0.088915
-0.405746
0.033385
0.603062
0.669745
-0.215799
0.250264
0.694646
-0.624779
0.481991
-0.637616
0.891657
0.218101
0.027801
0.060913
-0.374315
0.513271
-0.611717
0.256516
-0.330867
-0.521870
0.586260
0.965254
0.654741
0.586709
0.352473
0.732664
0.564757
-0.463511
-0.011736
-0.616314
-0.290879
-0.446863
-0.571821
-0.460415
0.572298
-0.091544
0.008142
0.164422
0.848798
-0.305175
-0.465010
0.646168
-0.001586
-0.525436
-1.056003
-0.266775
0.014522
1.175241
-0.283338
-0.260541
0.161140
-0.131557
0.437833
-0.390303
1.011646
-0.784603
-0.976848
0.615566
-0.234518
-0.549016
0.740407
-0.471510
-1.041930
-0.186555
1.404401
-0.155832
-0.024166
-0.834393
-0.073960
-0.223491
0.604534
-0.323694
0.144074
1.037729
-0.806141
-0.083453
0.222935
-0.927607
0.087219
0.539418
0.015073
-0.791847
-0.212162
0.129909
2.124176
-0.211303
-0.580116
0.308659
0.187462
-0.374039
1.276370
0.393099
0.867485
-0.471970
0.663068
-0.445306
-1.145577
-0.277219
-0.315723
-0.584247
0.132729
1.724578
-0.805827
-0.524011
0.076509
-0.131378
0.212605
0.215904
0.043985
-0.152716
0.149245
-0.370579
-0.566693
0.801769
-0.487770
-0.554457
0.220515
0.190390
-0.211284
-0.332001
-0.089958
-0.012284
0.531415
-0.231881
0.561425
0.269093
-0.163950
-0.487162
-0.046854
-0.001350
-0.066967
-0.647410
0.167151
0.305703
-0.020126
-0.401441
0.248209
-0.936215
-0.727269
1.164496
0.368837
0.335558
0.607178
1.053029
0.107143
-0.365117
0.903491
-1.272390
0.039779
-0.398012
-0.618744
-0.017990
0.206986
-0.834064
-0.549951
-0.835436
-0.864397
0.481583
-0.728693
-0.044411
-0.143703
-0.365609
-1.172835
0.612319
0.310779
0.345133
-0.631663
-0.372888
0.631363
-1.045596
0.020182
-0.688067
0.398387
-0.511938
0.767513
-0.135611
0.715346
-0.578661
0.817370
0.151385
0.646540
0.182875
0.294632
0.201402
0.098946
0.853051
1.140142
0.169553
-0.192544
0.496545
1.369888
-0.584013
-0.247257
0.597947
0.203937
-0.313095
-0.351614
-0.746953
0.635053
0.633317
0.666820
0.266767
-0.432378
-0.661281
0.168353
-0.058731
-0.448376
0.496889
-0.710318
-0.788527
0.055886
0.438815
-0.457067
0.349324
-0.619374
-0.396175
-0.656643
-1.229392
-0.001642
-0.763040
0.389977
0.137788
1.280136
-0.654589
0.011439
0.624144
0.971421
1.016056
0.328929
-0.164384
0.340994
-0.699578
0.364626
0.556752
0.238663
0.689858
-0.572536
0.835765
0.573100
-0.124765
0.009097
-0.111030
0.935766
-0.408749
-0.047808
0.869233
-0.318272
-0.008809
0.457918
-0.173186
0.248074
1.195431
-0.817399
0.563211
0.030114
0.364187
0.144524
0.751961
0.453971
0.256121
-0.179751
-0.437524
-0.205300
0.715675
0.387206
-0.755899
0.850538
-0.548312
-0.436553
-0.267341
0.035153
-0.571931
-0.433869
0.655290
0.648655
0.743074
-0.400704
0.455873
-0.283047
0.295609
0.407760
-0.479561
0.346670
-0.440023
0.311559
1.124527
-1.197466
-0.189291
-0.205411
0.332622
0.160420
1.145483
0.491179
0.028693
0.107962
0.760630
-0.029468
-1.237283
-0.282063
-0.013990
-0.182000
-1.127487
0.362303
0.607662
0.700451
0.245438
1.417024
0.040438
0.716751
-0.010097
-0.389744
-0.402516
0.185755
0.013946
-1.003581
-1.027628
0.555781
0.768157
-0.702069
0.638842
0.647368
0.710348
-0.698462
-0.439379
-0.087598
-1.082383
-0.160627
-0.056726
0.790970
0.277584
1.228230
0.263942
0.756154
0.581944
0.623943
-0.364054
-0.159552
0.015043
-0.083053
0.211522
0.563618
-1.536924
-0.716872
0.095348
-0.247106
-0.397474
0.386957
-0.663164
-1.229616
0.803753
0.194894
0.596083
0.419865
0.259596
0.259090
0.459686
0.135731
-0.157669
0.150841
-0.489652
-0.127312
0.962719
0.845615
-0.314386
1.512184
-0.131780
-0.235710
-1.258116
-0.177381
0.594981
-0.303409
-0.925151
1.053443
-0.667920
-0.072975
-0.138212
-0.522410
-0.524918
0.859930
-0.147148
0.494205
-0.025803
0.284734
-0.003404
-1.053710
0.090751
0.203020
0.030317
0.243973
-0.313758
0.490924
0.637361
1.137795
0.186534
-0.065193
0.181799
0.985778
-0.557862
0.597193
-0.474597
1.341419
-0.098102
1.331640
-0.437755
0.529649
-0.253161
-1.547334
-0.221960
-0.189775
0.276476
0.150871
-0.258359
-0.699291
-0.833287
-0.690048
-0.479290
0.540635
-0.613747
-0.770979
-0.355908
0.980743
-0.464899
-0.481566
0.067715
0.156895
-0.168591
-0.273845
-0.802477
0.261569
-0.480394
0.377819
-0.020531
-0.210434
-1.070821
0.662268
0.016950
-0.467210
1.137650
-0.307403
-0.636029
0.229411
-0.784079
0.294925
-0.867564
0.728482
-0.753636
-0.424659
-0.127334
0.361996
-0.197725
0.249049
0.502714
-0.170958
0.058324
0.459721
0.407916
-0.440574
0.275124
0.523580
0.846111
0.666989
-0.243690
0.801771
-0.045995
0.106081
-0.061206
0.107651
-0.250341
-0.169675
0.936855
-0.378222
0.078213
0.135349
0.858532
0.129144
0.210166
-1.256263
0.915912
-0.494259
0.625171
0.319999
-0.577897
-0.554464
0.035259
-0.229344
-0.012244
0.648630
-0.494471
-0.177218
-1.594622
0.337106
0.381839
0.301325
-0.373314
0.788340
-0.162843
-0.508775
-0.378861
0.521235
0.513743
0.343690
0.023315
-0.316913
-0.496956
-0.221799
0.353138
-0.212958
0.157099
0.155033
-0.042978
-0.689876
-0.288618
0.191738
1.007621
0.185956
-0.104044
1.047746
0.677737
0.419827
-0.653403
-0.249183
-0.193123
0.620830
-0.594867
0.063418
0.061376
0.280064
-0.595251
-1.186672
-0.206563
0.069827
0.638253
0.197160
0.576412
0.496011
-0.304378
-0.563727
-0.852714
0.412624
-0.113326
-0.248385
-0.784928
-1.345660
-0.340003
-0.313300
-0.159281
0.837367
0.367208
-0.776504
-1.546040
0.142504
-0.833170
0.143878
-1.121323
0.366508
-0.346521
-0.381929
-0.462835
0.926839
-0.399037
-0.863440
-0.261791
0.529305
1.012150
0.079210
-0.433049
-0.971248
-0.647026
0.450790
-0.470123
0.212496
0.360359
0.961480
-0.794407
0.860933
0.496946
-0.259844
-0.699678
0.205375
-0.353435
0.346577
-0.062572
0.020277
-0.084322
0.922059
-0.218627
-0.319977
-0.492339
-0.398594
0.411151
0.078660
-0.535589
0.346153
0.031347
-0.236471
-0.110107
-0.110235
-0.462338
-0.464887
-0.188321
0.593001
-0.502905
0.318510
-0.143671
-0.528992
-0.372262
-0.276056
0.418215
0.383955
-0.440606
0.881757
0.761826
-0.288168
-0.153157
0.564856
-0.246603
-0.037259
0.801809
-0.159693
0.249260
-0.001289
-1.332160
-0.739824
0.404365
0.045612
0.211104
-0.345274
-0.075942
0.423802
-0.818057
0.399378
-0.119456
-0.321881
-0.982471
0.194096
0.586387
0.794077
0.076874
-0.621327
-0.649663
0.184725
-0.505955
-0.542447
0.542138
-0.033453
-0.025777
-0.650126
0.165084
-0.229770
-0.042503
-0.184291
-0.429299
0.147619
0.092160
-0.415871
-0.144596
0.407875
-0.285766
0.991784
-0.340503
-0.531685
-0.303765
-0.173715
0.874725
0.069835
-0.648811
-0.824498
-0.595360
-0.838955
-0.173534
-1.061372
-0.031565
0.333623
0.798517
0.240312
-0.633769
-0.500427
-0.688446
0.481926
0.797509
0.404728
-0.279922
-0.538921
-0.439013
-0.016313
0.229424
-0.459711
-0.586183
-0.698229
0.510410
0.630434
0.275016
0.374639
0.042340
-0.418119
0.761437
-0.477767
-0.169054
-0.022714
-0.438068
-0.922699
0.975288
-0.189460
0.048240
0.524020
-0.311151
-0.079766
-0.676355
-0.451794
0.215126
0.003386
-1.104859
0.026965
0.973347
-0.272151
0.062971
1.265982
-0.231592
1.083706
0.008138
-0.679253
0.126603
0.460331
-0.845290
0.131522
0.921678
0.540053
-0.971973
0.201385
0.107905
0.120712
-1.278280
-0.727193
-0.303531
-0.379738
0.941202
-0.528983
0.371886
0.706159
-0.283716
-0.028354
-0.502934
0.460204
-0.927778
-0.200415
0.176750
-0.723619
-0.205039
-0.308558
-1.039264
-0.934688
0.594815
0.569565
0.831146
-0.909334
0.431287
-0.653370
0.616815
-0.145203
0.709650
-0.036301
-0.317011
-0.904753
-0.890466
-0.156678
-0.671748
-0.014452
-0.558693
0.047581
-0.559793
-0.957507
0.410748
-0.312373
-0.301537
0.345986
-0.770883
0.062390
-0.094941
0.280780
0.288024
0.612031
-0.068571
0.587598
-0.287336
-0.156411
-0.058409
-0.573857
0.605259
0.301872
-0.429149
0.472639
0.576513
0.151146
-0.586295
0.227236
-0.653955
0.000712
-0.575428
-0.743094
0.515286
-0.515934
0.462133
0.670964
-0.154621
-0.645100
-1.175475
0.207129
0.104222
0.127803
0.184535
1.067706
0.389658
0.823792
-0.446951
0.185917
0.590730
-0.131286
-0.431970
-0.513493
-0.018510
-0.702413
-1.160241
-0.220118
0.645239
-0.331813
1.362169
0.298861
0.813396
0.134243
0.482274
0.096442
-0.380963
0.129642
0.385617
0.485569
-0.943369
-0.446867
-0.047910
-1.005174
-0.086055
-0.762838
-0.132438
0.109186
0.194034
0.890755
-0.192523
-1.511228
-0.996631
0.671502
0.854942
-0.076863
0.264378
0.439992
-0.125580
-0.086968
-0.204801
-0.008361
-0.481841
-0.677650
-0.202577
-0.122150
0.111346
0.469998
0.663581
-0.459847
0.380328
-0.077689
0.051348
0.105046
0.667790
-0.476553
-0.448230
0.523255
-0.725261
-0.229018
-0.469715
-0.634327
0.603291
0.608810
-0.201703
0.723347
0.121091
-0.287545
-0.620642
-0.026896
-0.321674
0.472493
-0.480119
-0.223288
-0.615010
-0.663380
0.780185
0.845250
0.254716
-1.148620
-0.434460
0.105633
1.073650
-0.584861
-0.529505
0.228915
0.759149
0.470983
0.000562
0.031929
0.011331
0.273130
-1.030175
-0.571962
0.180617
0.114351
0.439896
0.998737
-0.830691
0.639730
-1.312735
-0.100234
-0.583137
-0.123729
0.168874
0.703078
1.166664
-0.177477
-0.765680
-0.012867
0.561328
0.547053
0.127773
0.399945
-0.496363
0.282388
0.382226
-0.534304
0.407529
0.116679
0.894656
-0.999638
0.122522
-0.940144
0.179625
-0.972921
0.309836
-0.206918
0.634926
-0.692673
0.470416
-0.020194
0.713861
0.509261
-0.670554
-0.178631
0.134328
-0.866557
-1.193271
0.139131
0.120939
-0.319874
0.056844
-0.044916
0.615376
-0.789854
0.189039
0.934848
-0.678580
-0.050560
-0.129284
0.403546
-0.075216
0.008324
0.240087
0.331379
-0.632344
0.875130
-0.373075
0.055915
0.415927
-0.784262
0.094123
0.442741
0.215486
-0.053350
0.813715
-0.358823
0.252955
0.754277
-0.066890
0.145543
-0.015352
1.034641
0.729920
-0.696435
0.684246
1.061456
-0.279724
0.829616
0.317780
-0.373061
-0.827559
0.187341
-0.738956
-0.149673
-0.289474
0.677731
0.415057
-0.048996
-0.777639
-0.733055
0.837005
0.251149
0.462627
-0.075927
-1.062026
-0.368886
0.544690
0.402232
1.422609
-0.158623
0.105118
0.694091
-0.267509
-0.885402
-0.251122
0.043326
1.254387
0.163628
1.544609
-0.113027
0.160372
-0.064477
0.163503
0.099319
-0.378033
0.249263
-0.138803
0.712025
-0.479044
-0.198023
0.199156
-0.259591
0.711108
0.362368
0.139953
-0.931632
0.317714
-0.184450
0.738631
0.056367
0.344551
-0.962572
0.223298
0.882561
0.447927
0.682741
-0.451465
0.452694
0.589311
-0.374037
-0.612452
0.165027
0.717365
0.394210
-1.192905
0.288013
0.378030
0.392195
1.094222
0.369700
-0.152609
-0.973865
-0.008888
-0.220842
-0.583894
-0.623444
-0.761086
0.637882
-1.192958
-0.102600
-0.390277
0.204658
0.339175
-0.387252
-0.594011
-0.328887
0.160540
-0.023272
0.018361
-0.709036
-0.740727
0.487905
-0.519698
-0.161005
-0.160771
-0.022338
-0.299045
-0.493428
-0.695271
-0.235089
0.189622
-0.957363
1.016672
0.007294
0.145872
-0.006739
-0.861549
0.307080
-0.987969
0.099176
-0.071722
0.610347
-0.080790
0.411184
0.793522
0.524432
-0.926759
-0.262682
-0.390030
0.570951
-0.523947
0.421652
-0.394948
0.351745
-0.012158
-0.777678
-0.481418
-0.842470
-0.165166
-0.396029
0.145955
-0.868507
0.262946
-0.236656
-0.573873
-0.241885
-0.181800
-0.414650
-0.146513
0.580268
-0.059623
1.700387
0.248239
0.237916
0.417325
0.318523
0.391125
0.043218
-0.918581
0.636082
1.168581
-0.009028
0.214975
0.128020
-0.640159
0.750740
-0.852394
-0.218279
-0.087391
-0.027630
0.162397
-0.455261
0.392249
-0.491319
-0.277746
-0.979789
0.577254
-0.501535
-0.485822
0.473519
-0.110170
0.139922
0.626491
-0.871057
0.647934
0.246899
0.525292
0.218993
0.075913
0.953132
-0.921310
-0.003790
0.284941
-0.264981
0.066210
0.288092
0.745510
0.144785
-1.072829
-1.128437
-1.210408
0.640973
0.327644
0.684580
-0.415261
-0.462590
-0.732321
0.236716
-0.490216
-0.676462
0.159551
-0.853340
1.018014
-0.471671
-0.306015
-0.823412
-1.674255
0.251590
0.497111
-0.329065
0.682570
0.182785
-0.005154
0.233950
1.030790
-0.839780
-0.163691
-0.163946
-0.458590
-0.202574
-0.315299
0.595611
-0.178894
-0.272252
-0.194757
-0.116859
-0.584889
-0.706023
0.273620
0.209565
-0.052944
-0.576293
-0.926591
-0.520982
-0.613366
-1.186385
1.197984
0.314726
-0.396676
0.754690
0.481546
-0.269778
0.366129
-0.298892
0.625793
0.297633
0.594095
-0.338542
-0.686206
0.501384
-0.170098
0.263762
-0.136895
0.524318
0.122731
0.215770
-0.073115
-0.043558
0.745057
0.215516
0.073557
-0.090377
-1.407605
-0.477942
-0.123726
0.383926
1.181820
-0.359425
-0.304132
-0.735034
0.644782
0.900731
-0.206246
-1.074212
-0.661322
0.685092
0.079927
0.092713
0.154069
-0.471535
-0.526009
0.524363
-1.060980
-0.136712
-0.369245
-0.150332
0.199939
0.395653
-0.101775
-0.136941
0.444098
0.048672
-0.322978
-0.107978
0.244908
0.443689
-0.618162
-0.382086
0.581551
-0.403110
0.947085
0.171980
0.113015
-0.149489
0.185952
-0.111818
0.355465
0.098997
1.233450
-0.804035
-0.415005
0.707586
0.144832
-1.154346
-0.830956
0.085029
0.171307
-0.385057
-0.553478
-0.105281
-0.166733
0.167487
-0.069028
-0.562152
0.553812
-0.130256
-0.430545
0.125771
0.138376
0.211509
0.941093
-0.573005
0.718062
0.625926
-0.633593
-0.004630
-0.202410
0.584733
0.397381
0.543593
-0.141142
-0.591208
-0.682133
0.254449
-0.255529
0.149587
-0.162068
0.429578
-0.163480
0.181573
0.444509
-0.460169
0.192339
0.672830
0.133056
0.225294
0.314687
-0.755227
0.199918
-0.024543
1.182102
0.491867
0.051711
0.263724
-0.386237
1.011578
0.432231
-1.367749
0.350689
0.268139
0.250014
1.367863
-0.235440
0.008348
0.158725
0.647927
-0.187718
0.515791
-0.386077
-0.264932
-0.658240
0.606996
0.016543
1.486978
-0.324058
-0.250044
-0.135297
-0.689648
-0.116355
0.116846
0.311612
0.204081
0.442760
0.249331
-1.043345
-0.550805
0.887920
-0.279276
-0.951719
0.064432
-0.213318
-0.151680
0.534285
-0.296185
-0.599803
-0.904995
-0.113506
0.039076
-0.581638
-0.182912
0.348301
0.547215
0.055485
-0.758517
-0.367465
0.085873
0.788201
-1.381250
0.120790
-0.564961
0.219791
-0.146800
-0.086751
0.302591
-0.217260
-0.126698
-0.318290
-0.013173
-0.466484
-0.572973
0.825356
0.548044
-1.023391
0.205925
0.368654
-0.236589
-0.717924
0.768407
-0.412412
1.053509
1.479826
0.681502
-0.400746
0.307808
-0.074484
-0.726078
0.274025
-0.220014
-0.196705
-0.228734
0.577827
1.610968
-0.973754
-0.885543
0.680082
0.811359
0.054167
-0.945665
0.629548
0.016008
0.938217
0.085293
0.085485
-1.363199
-0.488142
-0.828056
-0.412526
0.045651
0.028169
0.254057
-0.664982
0.566861
-0.542600
-0.714785
0.041331
0.610212
-0.198053
0.185296
1.316584
-0.565509
0.311940
0.528687
-0.138398
-0.359572
-0.030452
-0.677169
0.006430
-0.311923
-0.785407
0.644083
0.604401
-0.880678
0.684286
-0.233118
0.166757
0.024336
-1.118995
1.127292
0.283572
-1.007837
-0.537417
-0.861162
0.050004
0.421770
0.026707
-0.006643
-0.652512
0.384776
-0.722036
0.272929
-0.519006
0.912444
-0.730850
-0.638245
-0.492346
-0.404063
-0.315258
0.081565
0.013585
-0.891140
0.212528
0.122339
0.735348
-0.587112
0.420653
0.204468
0.122685
0.898258
-0.243113
0.737207
-0.000872
0.200667
0.219063
0.065989
0.215826
0.034853
-0.189443
0.117034
0.039027
-0.586132
-0.443361
0.004049
-0.591885
0.595651
-0.342114
-0.756397
0.646509
-0.544364
-0.446797
-0.271067
1.015905
-0.224765
-0.232486
-1.162713
-0.125075
0.383284
-0.873904
-0.423516
0.356390
0.917081
1.045206
0.591115
-0.507491
0.326254
0.057455
0.560970
-0.505867
0.526011
0.500223
-0.575867
0.773967
0.192058
1.040881
1.020367
-0.271505
-0.824889
-0.088761
-0.389148
0.118251
0.581796
0.160488
-1.569941
-1.050065
-0.019728
0.144056
-0.399881
-0.246905
-0.679869
1.185544
0.703490
0.486455
-0.719402
0.381419
0.587786
0.277334
0.080562
0.453527
-0.460555
0.264148
-0.198894
-0.300784
0.202316
0.262863
0.654642
-1.316107
-0.428615
0.367667
0.518389
-0.248883
0.425416
0.806682
1.051880
-0.096441
0.059711
0.310421
0.126390
1.253788
0.333862
-1.125418
0.942663
-0.462107
-0.355972
-0.620566
0.139089
0.763444
0.065188
-0.214505
-0.725171
-1.416567
-0.223014
0.722800
-0.927522
0.470573
1.267965
-0.518076
-0.310515
0.057542
-0.483864
0.056342
-0.543258
0.225102
0.650018
-0.064647
0.155637
0.825100
-0.835223
-0.397389
0.123725
0.919619
0.280011
0.247494
0.569332
-0.297193
0.417770
-1.606971
-0.151569
-1.003423
0.343369
0.254757
0.595901
0.654486
0.322008
0.214865
-0.316689
-0.927363
0.470117
-0.646888
0.795275
1.491929
-0.112378
-0.256834
-0.140204
0.989868
0.347500
0.094155
0.249983
0.482923
0.540775
0.250789
0.695223
0.045034
0.967473
0.035297
-0.050186
0.942455
-0.914178
0.584352
-0.397740
-0.176612
0.445497
-0.374382
0.144382
-0.187761
-0.571544
-0.273678
-0.273952
-0.435359
-0.818946
0.000041
0.480115
-0.187121
1.171623
-0.511940
-1.016101
0.061321
1.217263
0.713758
0.653866
0.064613
0.073228
-0.666888
0.134025
0.389241
-0.504670
-1.071737
0.614522
0.339123
0.147212
-0.497582
0.266367
0.717744
0.453033
-0.338440
-1.213792
-0.732292
0.002977
0.179930
-0.764568
-0.469222
0.359728
-0.816563
-0.175542
0.337325
-0.306404
0.758859
0.826714
-0.443942
-0.480435
0.409356
0.459817
0.209365
0.376618
0.204952
0.197891
0.166510
0.132953
0.460639
0.511577
1.258869
-0.043932
-0.355349
-0.293215
0.470673
0.851502
0.305711
-0.190419
-0.701827
-0.401556
0.096187
-0.473502
0.024660
-0.290919
0.153964
-0.298142
0.031647
-0.403106
-0.479902
-0.728859
0.270509
-0.213789
1.173801
0.603922
0.084349
0.161203
0.096281
1.077773
-0.220970
-0.147420
0.275356
-0.476733
-0.193671
0.178094
0.183099
-0.236860
-0.212658
-0.979677
0.306564
-1.061569
0.201739
-0.404000
1.157094
-0.414086
-0.869451
-0.292368
-0.079839
-0.276850
-0.519381
-0.155503
-0.448208
-0.084292
0.025946
0.046915
0.894469
-0.068673
0.293151
1.087693
0.134946
-0.077785
-0.502523
-1.248992
-0.173150
0.036409
-0.781770
0.601733
0.654201
0.685626
-0.467399
-0.516562
-0.417530
-0.652483
-1.366830
-1.362308
-0.011274
0.883376
0.032378
-0.150577
-0.207173
0.963864
-0.789022
0.726459
-0.456096
0.431054
-0.022267
0.273356
-1.221947
-0.458534
1.162033
0.023857
-0.773917
-1.118948
0.691595
-0.390601
-0.390225
1.128031
-0.142570
0.359674
0.789756
-0.050748
-0.297541
-0.090696
0.248002
-0.566348
-0.537870
0.055014
0.118808
-1.069122
-0.192017
-0.397792
-0.310612
-1.513540
-0.355077
-0.991941
-0.303493
-0.567821
1.339748
0.208176
0.658532
-0.276614
0.168272
-0.102823
-0.365379
-0.412060
-0.379070
0.510214
-0.505448
-0.334140
0.111294
-0.672420
-1.005482
-0.717479
-0.223481
-0.118636
-0.076773
-0.785914
-0.657316
-0.511207
0.661689
-0.251558
0.652249
-0.276697
0.689070
0.356892
-0.128021
-0.850413
-0.678711
-0.724982
-0.490408
-1.013794
0.641263
-0.220664
0.550387
-0.542064
-0.152888
-0.017544
-0.217831
-0.225517
0.148041
-0.110538
-0.228018
-0.323954
0.744753
0.371833
0.585185
-0.369262
0.106657
0.480346
-1.585024
0.078768
-0.547517
-1.252869
-0.929586
0.135998
-0.346718
-0.403485
-0.013332
-1.281598
-0.607434
0.424056
0.220281
-0.060769
-0.677362
-1.099561
0.238091
0.575751
0.283324
0.080819
-0.419716
0.058811
-0.659308
-1.411345
-1.116136
-0.429876
-0.830343
-0.075812
-0.062079
-0.181456
-0.271557
0.455729
0.306017
0.096594
0.787153
0.746827
-0.571915
1.299428
0.769439
-0.186786
-0.201156
0.158538
-0.310197
0.371680
-0.139423
-0.404541
-0.343857
-0.641662
0.223656
0.191994
0.595106
-0.398596
0.099279
0.703767
-0.281962
0.447056
0.343103
0.817661
0.842373
-0.340292
0.108942
0.191422
0.055498
-0.278794
0.188536
0.910796
0.413271
-0.196851
0.366910
0.013737
1.441462
-0.242192
1.547385
-0.107300
0.320420
-0.177291
0.182871
0.442735
0.135631
1.282263
0.368135
-0.432416
-0.040291
-0.523411
-0.737122
-0.410766
0.165063
0.932317
0.889771
0.006101
-0.129842
-0.555871
0.065748
0.235718
-0.035901
0.212784
-0.589542
-0.405892
-0.262805
0.679745
0.287363
-1.022805
-0.582640
0.890786
-0.133140
-1.261272
-1.088322
-0.514590
-0.772483
0.780361
0.022418
0.084365
0.113632
0.393066
-0.324758
0.619337
-0.043745
0.198092
-0.802169
-0.436066
0.136904
-0.496574
0.604287
0.060713
-0.450310
-0.321216
0.076559
-0.473321
-0.170547
-1.009602
-0.710349
-0.114821
-0.491812
-0.677666
-0.249229
1.053349
-0.786506
0.098094
0.796187
-0.508377
0.229912
-0.426873
-0.159790
-0.576966
0.256747
0.874795
0.460193
-0.383059
0.893984
0.170978
-1.006859
-0.462546
-1.182641
-0.340072
-0.775770
0.121810
0.368586
-0.091323
-0.434123
-0.928358
0.598334
-0.587502
1.013151
-0.443630
0.612790
-0.158749
0.991668
0.553550
0.404223
-0.440132
0.620744
0.599864
-0.003289
-0.627948
0.551072
-0.971557
-0.095600
-0.250711
-0.330526
-0.584498
0.396264
-0.897702
1.075352
1.087574
0.181242
1.230744
-0.655400
-0.869019
0.095138
-0.041302
-0.367116
-0.663384
-0.232783
-0.141604
-0.580337
1.099026
-0.218991
0.044584
0.796517
0.566305
-0.644452
0.458646
-0.028842
-0.014812
-0.002646
-0.316630
-0.077353
-0.688461
-0.058904
0.253463
0.642129
-0.094127
-0.482582
-0.184388
-0.745941
0.422596
-1.052296
0.550596
0.279688
-0.253501
-0.418613
-0.599344
-1.034909
0.104864
0.085621
0.230509
0.242811
1.016634
-0.693139
0.891997
0.147051
-0.403626
-0.033710
-0.544987
1.001642
0.494089
-0.005870
-0.522814
-0.455581
-0.133718
-0.825843
-0.492737
-0.139391
-0.692446
-0.599460
0.031979
-0.723272
-0.575690
1.682467
-0.765996
0.275271
0.078607
0.643602
0.455078
-0.885775
-0.308109
-0.101668
0.146711
0.928606
0.081890
0.634705
-0.207437
0.526518
1.238539
0.923564
-0.016994
-0.470276
0.764246
0.339473
0.257419
-0.568201
0.202103
-0.832125
1.239309
-0.847185
0.248591
-0.959971
0.681725
-0.197310
0.918335
0.538124
0.363856
-0.751326
-0.745001
-0.164693
0.171703
-0.515149
0.017189
-0.353133
0.025314
0.569149
-0.332601
0.423961
0.099240
1.221929
-0.464601
-0.739868
0.814685
1.166221
0.240561
-0.169188
-1.441084
-0.601446
-0.348165
-0.241970
-0.406541
-0.693945
0.673531
-0.084926
-0.420775
0.690863
-1.094647
0.164248
-0.723761
0.725673
-1.356356
0.657071
-0.420228
-0.144092
-0.448658
-0.002333
0.275469
-0.719788
0.434901
-1.313300
0.487286
0.174345
-0.619346
-0.901945
0.172400
0.759420
0.075218
-0.516641
-0.314940
0.894825
0.347640
0.232263
0.223160
-0.062035
-0.238402
-0.355148
0.760818
0.319335
-0.256044
-0.403412
0.153674
-0.930987
-0.669304
0.527968
1.123259
-0.866235
0.266949
0.548457
0.338709
0.006219
0.598298
-1.217543
0.089448
0.112349
-0.326329
-0.186160
-0.810458
-0.085106
0.306305
0.907244
-0.141224
0.098877
-0.092697
-0.180358
0.994979
-0.720379
-0.001794
0.341228
0.971007
-0.122284
0.938171
-0.309245
0.846602
0.520347
1.080692
0.536102
0.357328
-0.474347
-0.560643
-0.535619
-0.105903
-0.127572
0.010322
0.431252
0.446345
-1.064402
-0.143701
0.049970
0.637302
-0.564995
-1.146578
0.818321
1.103421
-0.029605
-0.238512
1.445533
-0.150055
-0.393342
-0.358463
0.198035
-0.677869
-0.490889
-0.442651
0.027668
0.741928
-0.123662
-0.028341
-0.293789
-0.356798
-0.282832
0.700791
-1.123931
0.408168
-0.680924
0.176358
-0.247176
-0.626348
0.026652
-0.174779
1.600415
-0.441362
0.468121
-0.757115
-0.276339
0.184128
0.237735
0.807103
0.140064
-0.758289
-0.528047
-0.777405
0.108074
0.558631
-0.416472
-0.304582
0.533785
0.236712
0.352531
-0.117335
-0.577056
0.305887
0.468035
0.014265
-0.744903
-0.639693
-0.175148
1.312856
0.304132
1.068993
0.062657
0.215409
-0.270430
-0.168625
-0.222639
-0.955862
0.702017
-0.284013
-0.079528
0.363511
-0.768166
-0.781133
0.373725
-0.899652
-0.193374
-0.112061
0.263768
-0.463910
0.619066
1.083595
0.399179
0.461363
-0.285762
-0.833016
-0.331248
-0.352459
-0.935973
0.879916
0.184043
0.572703
0.748982
0.309976
-1.093976
-0.739549
1.227958
-0.373380
1.019240
-0.405190
0.122012
1.703035
0.408006
-0.487983
-0.807398
0.022800
0.821575
-0.383292
-0.175669
0.097738
0.439575
0.087263
0.431868
-1.159001
0.078341
0.167647
-0.607433
0.372598
0.787785
0.527812
-0.269462
0.190993
0.748306
0.327508
0.127486
-0.788713
-0.500580
-0.416426
1.144316
-0.292499
-1.026327
-1.458825
0.105665
-0.594187
0.081814
0.226365
-0.138454
0.690058
-0.097853
-0.320571
0.031475
-0.392049
-0.067327
-0.116504
-0.615725
-0.026924
-0.391554
-0.539777
-0.308266
-0.729178
-0.024876
-0.799204
-0.000783
0.337005
-1.079005
0.229564
-0.434377
1.028457
0.425314
0.322554
0.037101
0.472063
0.772634
0.579501
-0.110905
0.017906
0.115600
-0.069098
-0.350837
-0.335599
-0.240630
0.795874
-0.077423
-0.217692
-0.895830
-0.087386
-0.086545
-0.957143
0.112996
0.014014
-0.077282
0.103672
-0.890844
